TN Title,studio,genres,TN Worlwide Gross,TN Domestic Gross,Computed Foreign Gross,TN Budget / Cost,Computed_Profit_Loss,year,release_date
Mars Needs Moms,BV,"Adventure,Animation,Family",39549758,21392758,18157000,150000000,-110450242,2011,11-Mar-11
The Nutcracker in 3D,Free,"Action,Family,Fantasy",20466016,195459,20270557,90000000,-69533984,2010,24-Nov-10
Monster Trucks,Par.,"Action,Adventure,Comedy",61642798,33370166,28272632,125000000,-63357202,2017,13-Jan-17
R.I.P.D.,Uni.,"Action,Adventure,Comedy",79076678,33618855,45457823,130000000,-50923322,2013,19-Jul-13
Blackhat,Uni.,"Action,Crime,Thriller",19665004,8005980,11659024,70000000,-50334996,2015,16-Jan-15
Child 44,LG/S,"Crime,Drama,History",8004221,1224330,6779891,50000000,-41995779,2015,17-Apr-15
Jonah Hex,WB,"Action,Drama,Fantasy",11022696,10547117,475579,47000000,-35977304,2010,18-Jun-10
Rock Dog,LG/S,"Adventure,Animation,Comedy",24148488,9420546,14727942,60000000,-35851512,2017,24-Feb-17
King Arthur: Legend of the Sword,WB,"Action,Adventure,Drama",139630336,39175066,100455270,175000000,-35369664,2017,12-May-17
Shanghai,Wein.,"Crime,Drama,Mystery",15505922,46425,15459497,50000000,-34494078,2015,2-Oct-15
Shanghai,Wein.,"Crime,Mystery,Thriller",15505922,46425,15459497,50000000,-34494078,2015,2-Oct-15
Shanghai,Wein.,Drama,15505922,46425,15459497,50000000,-34494078,2015,2-Oct-15
The Warrior's Way,Rela.,"Action,Fantasy,Western",8514325,5666340,2847985,42000000,-33485675,2010,3-Dec-10
Deepwater Horizon,LG/S,"Action,Drama,History",122603824,61433527,61170297,156000000,-33396176,2016,30-Sep-16
The Big Year,Fox,Comedy,7684524,7204138,480386,41000000,-33315476,2011,14-Oct-11
Playing for Keeps,FD,"Comedy,Romance,Sport",2000000,2000000,0,35000000,-33000000,2012,3-Oct-86
Bullet to the Head,WB,"Action,Crime,Thriller",22597969,9489829,13108140,55000000,-32402031,2013,1-Feb-13
Welcome to Marwen,Uni.,"Biography,Comedy,Drama",12874922,10763520,2111402,45000000,-32125078,2018,21-Dec-18
There Be Dragons,Gold.,"Biography,Drama,War",4020990,1069334,2951656,36000000,-31979010,2011,6-May-11
Mortdecai,LGF,"Action,Comedy,Crime",30396134,7696134,22700000,60000000,-29603866,2015,23-Jan-15
Bilal: A New Breed of Hero,VE,"Action,Adventure,Animation",648599,490973,157626,30000000,-29351401,2018,2-Feb-18
The Infiltrator,BG,"Biography,Crime,Drama",20718104,15436808,5281296,47500000,-26781896,2016,13-Jul-16
Free State of Jones,STX,"Action,Biography,Drama",23237252,20810036,2427216,50000000,-26762748,2016,24-Jun-16
Machine Gun Preacher,Rela.,"Action,Biography,Crime",3721988,538690,3183298,30000000,-26278012,2011,23-Sep-11
The Sisters Brothers,Annapurna,"Adventure,Comedy,Crime",13143056,3143056,10000000,38000000,-24856944,2018,21-Sep-18
Your Highness,Uni.,"Adventure,Comedy,Fantasy",26121638,21596445,4525193,50000000,-23878362,2011,8-Apr-11
Collide,ORF,Action,5466698,2280004,3186694,29200000,-23733302,2017,24-Feb-17
Collide,ORF,"Action,Crime,Thriller",5466698,2280004,3186694,29200000,-23733302,2017,24-Feb-17
Paranoia,Rela.,,16340767,7388654,8952113,40000000,-23659233,2013,16-Aug-13
Paranoia,Rela.,Drama,16340767,7388654,8952113,40000000,-23659233,2013,16-Aug-13
Paranoia,Rela.,"Drama,Thriller",16340767,7388654,8952113,40000000,-23659233,2013,16-Aug-13
Paranoia,Rela.,Horror,16340767,7388654,8952113,40000000,-23659233,2013,16-Aug-13
Paranoia,Rela.,"Horror,Mystery,Thriller",16340767,7388654,8952113,40000000,-23659233,2013,16-Aug-13
Paranoia,Rela.,Thriller,16340767,7388654,8952113,40000000,-23659233,2013,16-Aug-13
Upside Down,MNE,"Biography,Documentary,Family",26387039,102118,26284921,50000000,-23612961,2013,15-Mar-13
Upside Down,MNE,Comedy,26387039,102118,26284921,50000000,-23612961,2013,15-Mar-13
Upside Down,MNE,Documentary,26387039,102118,26284921,50000000,-23612961,2013,15-Mar-13
Upside Down,MNE,Drama,26387039,102118,26284921,50000000,-23612961,2013,15-Mar-13
Upside Down,MNE,"Drama,Fantasy,Romance",26387039,102118,26284921,50000000,-23612961,2013,15-Mar-13
The Rum Diary,FD,"Comedy,Drama",21544732,13109815,8434917,45000000,-23455268,2011,28-Oct-11
47 Ronin,Uni.,"Action,Adventure,Drama",151716815,38362475,113354340,175000000,-23283185,2013,25-Dec-13
A Hologram for the King,RAtt.,"Comedy,Drama,Romance",11846010,4212494,7633516,35000000,-23153990,2016,22-Apr-16
Blood Ties,ALP,Action,2923959,42472,2881487,26000000,-23076041,2011,21-Mar-14
Blood Ties,ALP,"Action,Crime,Drama",2923959,42472,2881487,26000000,-23076041,2011,21-Mar-14
Blood Ties,ALP,Documentary,2923959,42472,2881487,26000000,-23076041,2011,21-Mar-14
Blood Ties,ALP,"Documentary,Drama,Family",2923959,42472,2881487,26000000,-23076041,2011,21-Mar-14
Blood Ties,ALP,Drama,2923959,42472,2881487,26000000,-23076041,2011,21-Mar-14
Unfinished Business,Fox,"Comedy,Drama",13214051,10219501,2994550,35000000,-21785949,2015,6-Mar-15
Unfinished Business,Fox,Drama,13214051,10219501,2994550,35000000,-21785949,2015,6-Mar-15
Unfinished Business,Fox,"Drama,Family",13214051,10219501,2994550,35000000,-21785949,2015,6-Mar-15
Unfinished Business,Fox,"Fantasy,Thriller",13214051,10219501,2994550,35000000,-21785949,2015,6-Mar-15
Unfinished Business,Fox,Horror,13214051,10219501,2994550,35000000,-21785949,2015,6-Mar-15
Unfinished Business,Fox,Romance,13214051,10219501,2994550,35000000,-21785949,2015,6-Mar-15
The Gunman,ORF,"Action,Crime,Drama",18594227,10664749,7929478,40000000,-21405773,2015,20-Mar-15
The Gunman,ORF,Western,18594227,10664749,7929478,40000000,-21405773,2015,20-Mar-15
Jane Got a Gun,Wein.,"Action,Drama,Western",3771345,1513793,2257552,25000000,-21228655,2016,29-Jan-16
Stronger,RAtt.,"Action,Sport",8786752,4211129,4575623,30000000,-21213248,2017,22-Sep-17
Stronger,RAtt.,"Biography,Drama",8786752,4211129,4575623,30000000,-21213248,2017,22-Sep-17
Stronger,RAtt.,Drama,8786752,4211129,4575623,30000000,-21213248,2017,22-Sep-17
The Finest Hours,BV,"Action,Drama,History",49252761,27569558,21683203,70000000,-20747239,2016,29-Jan-16
Kin,LGF,"Action,Drama,Sci-Fi",10096821,5718096,4378725,30000000,-19903179,2018,31-Aug-18
Kin,LGF,"Drama,Music",10096821,5718096,4378725,30000000,-19903179,2018,31-Aug-18
The Fifth Estate,BV,"Biography,Drama,Thriller",6154172,3254172,2900000,26000000,-19845828,2013,18-Oct-13
The Tempest,Mira.,"Comedy,Drama",277943,277943,0,20000000,-19722057,2010,10-Dec-10
The Tempest,Mira.,"Comedy,Drama,Fantasy",277943,277943,0,20000000,-19722057,2010,10-Dec-10
The Tempest,Mira.,Drama,277943,277943,0,20000000,-19722057,2010,10-Dec-10
A Thousand Words,P/DW,"Comedy,Drama",20790486,18450127,2340359,40000000,-19209514,2012,9-Mar-12
All Good Things,Magn.,"Crime,Drama,Mystery",873617,582024,291593,20000000,-19126383,2010,3-Dec-10
Tulip Fever,Wein.,"Drama,History,Romance",6792768,2455635,4337133,25000000,-18207232,2017,1-Sep-17
Stone,Over.,"Action,Sci-Fi",4065020,1810078,2254942,22000000,-17934980,2010,8-Oct-10
Stone,Over.,"Crime,Drama,Thriller",4065020,1810078,2254942,22000000,-17934980,2010,8-Oct-10
Stone,Over.,"Drama,Thriller",4065020,1810078,2254942,22000000,-17934980,2010,8-Oct-10
Wolves,KE,"Action,Fantasy,Horror",94953,0,94953,18000000,-17905047,2014,14-Nov-14
Wolves,KE,"Drama,Sport",94953,0,94953,18000000,-17905047,2014,14-Nov-14
City of Ghosts,IFC,"Documentary,War",325491,325491,0,17500000,-17174509,2017,25-Apr-03
By the Sea,Uni.,Drama,3727746,538460,3189286,20000000,-16272254,2015,13-Nov-15
By the Sea,Uni.,"Drama,Romance",3727746,538460,3189286,20000000,-16272254,2015,13-Nov-15
The Beaver,Sum.,Drama,5046038,970816,4075222,21000000,-15953962,2011,6-May-11
On the Road,IFC,"Adventure,Drama,Romance",9313302,720828,8592474,25000000,-15686698,2012,22-Mar-13
On the Road,IFC,Documentary,9313302,720828,8592474,25000000,-15686698,2012,22-Mar-13
On the Road,IFC,Drama,9313302,720828,8592474,25000000,-15686698,2012,22-Mar-13
Just Getting Started,BG,"Action,Comedy",6756412,6069605,686807,22000000,-15243588,2017,8-Dec-17
Extraordinary Measures,CBS,Drama,15826984,12482741,3344243,31000000,-15173016,2010,22-Jan-10
The Lone Ranger,BV,"Action,Adventure,Western",260002115,89302115,170700000,275000000,-14997885,2013,2-Jul-13
Hands of Stone,Wein.,"Action,Biography,Drama",5031975,4712792,319183,20000000,-14968025,2016,26-Aug-16
Big Miracle,Uni.,"Biography,Drama,Family",25268680,20157300,5111380,40000000,-14731320,2012,3-Feb-12
Mortal Engines,Uni.,"Action,Adventure,Fantasy",85287417,15951040,69336377,100000000,-14712583,2018,14-Dec-18
Snowden,ORF,"Biography,Drama,Thriller",35380918,21587519,13793399,50000000,-14619082,2016,16-Sep-16
The Reluctant Fundamentalist,IFC,"Drama,Thriller",528731,528731,0,15000000,-14471269,2013,26-Apr-13
Robin Hood,Uni.,,84747441,30824628,53922813,99000000,-14252559,2010,21-Nov-18
Robin Hood,Uni.,"Action,Adventure,Drama",84747441,30824628,53922813,99000000,-14252559,2010,21-Nov-18
Robin Hood,Uni.,"Action,Adventure,History",84747441,30824628,53922813,99000000,-14252559,2010,21-Nov-18
Robin Hood,Uni.,"Action,Adventure,Thriller",84747441,30824628,53922813,99000000,-14252559,2010,21-Nov-18
Robin Hood,Uni.,"Action,Drama",84747441,30824628,53922813,99000000,-14252559,2010,21-Nov-18
Dylan Dog: Dead of Night,OMNI/FSR,"Action,Comedy,Crime",6093725,1186538,4907187,20000000,-13906275,2011,29-Apr-11
The Son of No One,Anch.,"Action,Crime,Drama",1148578,30680,1117898,15000000,-13851422,2011,4-Nov-11
Repo Men,Uni.,"Action,Crime,Sci-Fi",18195238,13942007,4253231,32000000,-13804762,2010,19-Mar-10
Downsizing,Par.,"Drama,Sci-Fi",54462971,24449754,30013217,68000000,-13537029,2017,22-Dec-17
The Space Between Us,STX,"Adventure,Drama,Romance",16481405,7885294,8596111,30000000,-13518595,2017,3-Feb-17
Margaret,FoxS,Drama,623292,47185,576107,14000000,-13376708,2011,30-Sep-11
Baahubali: The Beginning,BSC,"Action,Drama",26736665,6738000,19998665,40000000,-13263335,2015,10-Jul-15
Won't Back Down,Fox,Drama,5745503,5310554,434949,19000000,-13254497,2012,28-Sep-12
Won't Back Down,Fox,Sport,5745503,5310554,434949,19000000,-13254497,2012,28-Sep-12
The Last Godfather,RAtt.,"Comedy,Crime,Romance",164247,164247,0,13400000,-13235753,2011,1-Apr-11
The Devil's Double,LGF,"Biography,Drama,Thriller",5965646,1361512,4604134,19100000,-13134354,2011,29-Jul-11
Escobar: Paradise Lost,RTWC,"Crime,Drama,History",3917679,195792,3721887,17000000,-13082321,2015,26-Jun-15
Suspiria,Amazon,"Fantasy,Horror,Mystery",7034615,2483472,4551143,20000000,-12965385,2018,26-Oct-18
The Lost City of Z,BST,"Adventure,Biography,Drama",17121823,8574339,8547484,30000000,-12878177,2017,14-Apr-17
Dhoom 3,Yash,"Action,Thriller",11723620,8031955,3691665,24000000,-12276380,2013,20-Dec-13
Trouble with the Curve,WB,"Drama,Sport",47818913,35763137,12055776,60000000,-12181087,2012,21-Sep-12
Beautiful Boy,Anch.,"Biography,Drama",13031424,7634767,5396657,25000000,-11968576,2011,12-Oct-18
Beautiful Boy,Anch.,Drama,13031424,7634767,5396657,25000000,-11968576,2011,12-Oct-18
5 Days of War,Anch.,"Action,Drama,War",87793,17479,70314,12000000,-11912207,2011,19-Aug-11
Chasing Mavericks,Fox,"Biography,Drama,Sport",8300821,6002756,2298065,20000000,-11699179,2012,26-Oct-12
Anonymous,Sony,,15815509,4463292,11352217,27500000,-11684491,2011,28-Oct-11
Anonymous,Sony,"Action,Comedy,Mystery",15815509,4463292,11352217,27500000,-11684491,2011,28-Oct-11
Anonymous,Sony,"Drama,Thriller",15815509,4463292,11352217,27500000,-11684491,2011,28-Oct-11
Aloha,Sony,"Comedy,Drama,Romance",25387091,21052030,4335061,37000000,-11612909,2015,29-May-15
The Disappointments Room,Rela.,"Drama,Horror,Thriller",3503761,2423467,1080294,15000000,-11496239,2016,9-Sep-16
Take Me Home Tonight,Rela.,"Comedy,Drama,Romance",7576604,6928068,648536,19000000,-11423396,2011,4-Mar-11
A Little Bit of Heaven,MNE,"Comedy,Drama,Fantasy",1100287,10011,1090276,12500000,-11399713,2012,4-May-12
Pride and Prejudice and Zombies,SGem,"Action,Comedy,Horror",16638300,10907291,5731009,28000000,-11361700,2016,5-Feb-16
A Most Violent Year,A24,"Crime,Drama,Thriller",8846875,5749134,3097741,20000000,-11153125,2014,31-Dec-14
The Legend of Hercules,LG/S,"Action,Adventure,Fantasy",58953319,18848538,40104781,70000000,-11046681,2014,10-Jan-14
Darling Companion,SPC,"Comedy,Drama,Romance",1200346,793352,406994,12000000,-10799654,2012,20-Apr-12
Brighton Rock,IFC,"Crime,Drama,Thriller",229653,229653,0,11000000,-10770347,2011,26-Aug-11
Dead Man Down,FD,"Action,Crime,Drama",19599974,10895295,8704679,30000000,-10400026,2013,8-Mar-13
Midnight Special,WB,"Action,Drama,Mystery",7680250,3712282,3967968,18000000,-10319750,2016,18-Mar-16
Biutiful,RAtt.,"Drama,Romance",24687524,5101237,19586287,35000000,-10312476,2011,28-Jan-11
In the Heart of the Sea,WB,"Action,Adventure,Biography",89693309,25020758,64672551,100000000,-10306691,2015,11-Dec-15
Miss Sloane,EC,"Drama,Thriller",7719630,3500605,4219025,18000000,-10280370,2016,25-Nov-16
Casino Jack,ATO,"Biography,Comedy,Crime",2272186,2039869,232317,12500000,-10227814,2010,17-Dec-10
Black Nativity,FoxS,"Drama,Family,Music",7285135,7018188,266947,17500000,-10214865,2013,27-Nov-13
Strangerland,Alc,"Drama,Mystery,Thriller",161097,17472,143625,10000000,-9838903,2015,10-Jul-15
High School,Anch.,Comedy,248133,139034,109099,10000000,-9751867,2012,1-Jun-12
Genius,RAtt.,"Action,Thriller",7265283,1361045,5904238,17000000,-9734717,2016,10-Jun-16
Genius,RAtt.,"Biography,Drama",7265283,1361045,5904238,17000000,-9734717,2016,10-Jun-16
Genius,RAtt.,Drama,7265283,1361045,5904238,17000000,-9734717,2016,10-Jun-16
Flipped,WB,"Comedy,Drama,Romance",4289993,1755212,2534781,14000000,-9710007,2010,6-Aug-10
Flipped,WB,"Drama,Thriller",4289993,1755212,2534781,14000000,-9710007,2010,6-Aug-10
Whiskey Tango Foxtrot,Par.,"Biography,Comedy,Drama",25350747,23083334,2267413,35000000,-9649253,2016,4-Mar-16
Welcome to the Rileys,Gold.,Drama,355919,152857,203062,10000000,-9644081,2010,29-Oct-10
The Young Messiah,Focus,"Drama,Fantasy",7313697,6469813,843884,16800000,-9486303,2016,11-Mar-16
Bleed for This,ORF,"Biography,Drama,Sport",6603926,5083906,1520020,16000000,-9396074,2016,18-Nov-16
The Killer Inside Me,IFC,"Crime,Drama,Horror",3617277,217277,3400000,13000000,-9382723,2010,18-Jun-10
The Conspirator,RAtt.,Comedy,15907411,11538204,4369207,25000000,-9092589,2011,15-Apr-11
The Conspirator,RAtt.,"Crime,Drama,History",15907411,11538204,4369207,25000000,-9092589,2011,15-Apr-11
The Hurricane Heist,ENTMP,"Action,Adventure,Crime",30963684,6115824,24847860,40000000,-9036316,2018,9-Mar-18
"Roman J. Israel, Esq.",Sony,"Crime,Drama,Thriller",12967012,11962712,1004300,22000000,-9032988,2017,17-Nov-17
Skin Trade,Magn.,"Action,Crime,Thriller",1242,1242,0,9000000,-8998758,2015,8-May-15
Skin Trade,Magn.,Documentary,1242,1242,0,9000000,-8998758,2015,8-May-15
Rock of Ages,WB (NL),"Comedy,Drama,Musical",61031932,38518613,22513319,70000000,-8968068,2012,15-Jun-12
Drive Angry,Sum.,"Action,Fantasy,Thriller",41042583,10721033,30321550,50000000,-8957417,2011,25-Feb-11
Metallica Through the Never,PH,Music,9082906,3419967,5662939,18000000,-8917094,2013,27-Sep-13
Victor Frankenstein,Fox,"Drama,Horror,Sci-Fi",31124367,5775076,25349291,40000000,-8875633,2015,25-Nov-15
The House,WB (NL),Animation,31192425,25584504,5607921,40000000,-8807575,2017,30-Jun-17
The House,WB (NL),"Comedy,Crime",31192425,25584504,5607921,40000000,-8807575,2017,30-Jun-17
The House,WB (NL),Drama,31192425,25584504,5607921,40000000,-8807575,2017,30-Jun-17
The House,WB (NL),"Drama,Mystery,Thriller",31192425,25584504,5607921,40000000,-8807575,2017,30-Jun-17
The House,WB (NL),Thriller,31192425,25584504,5607921,40000000,-8807575,2017,30-Jun-17
The Paperboy,MNE,"Crime,Drama,Mystery",4027663,677200,3350463,12500000,-8472337,2012,5-Oct-12
The Immigrant,Wein.,Documentary,7585011,2013456,5571555,16000000,-8414989,2014,16-May-14
The Immigrant,Wein.,Drama,7585011,2013456,5571555,16000000,-8414989,2014,16-May-14
The Immigrant,Wein.,"Drama,Romance",7585011,2013456,5571555,16000000,-8414989,2014,16-May-14
Dream House,Uni.,"Comedy,Drama,Romance",41642166,21302340,20339826,50000000,-8357834,2011,30-Sep-11
Dream House,Uni.,"Drama,Mystery,Thriller",41642166,21302340,20339826,50000000,-8357834,2011,30-Sep-11
It's a Wonderful Afterlife,UTV,"Comedy,Drama,Fantasy",1642939,0,1642939,10000000,-8357061,2010,8-Oct-10
Wanderlust,Uni.,"Adventure,Documentary",24159934,17288155,6871779,32500000,-8340066,2012,24-Feb-12
Wanderlust,Uni.,"Comedy,Romance",24159934,17288155,6871779,32500000,-8340066,2012,24-Feb-12
Wanderlust,Uni.,Documentary,24159934,17288155,6871779,32500000,-8340066,2012,24-Feb-12
Wanderlust,Uni.,Drama,24159934,17288155,6871779,32500000,-8340066,2012,24-Feb-12
Wanderlust,Uni.,Fantasy,24159934,17288155,6871779,32500000,-8340066,2012,24-Feb-12
Proud Mary,SGem,"Action,Crime,Drama",21709539,20868638,840901,30000000,-8290461,2018,12-Jan-18
My Soul to Take,Uni.,"Horror,Mystery,Thriller",16727470,14744435,1983035,25000000,-8272530,2010,8-Oct-10
A Better Life,Sum.,Drama,1884251,1759252,124999,10000000,-8115749,2011,24-Jun-11
A Better Life,Sum.,"Drama,Romance",1884251,1759252,124999,10000000,-8115749,2011,24-Jun-11
Coriolanus,Wein.,,2179623,749641,1429982,10000000,-7820377,2012,20-Jan-12
Coriolanus,Wein.,Drama,2179623,749641,1429982,10000000,-7820377,2012,20-Jan-12
Coriolanus,Wein.,"Drama,History,War",2179623,749641,1429982,10000000,-7820377,2012,20-Jan-12
Coriolanus,Wein.,"Drama,Thriller,War",2179623,749641,1429982,10000000,-7820377,2012,20-Jan-12
The Homesman,Saban,"Drama,Western",8217571,2429989,5787582,16000000,-7782429,2014,14-Nov-14
Red Tails,Fox,"Action,Adventure,Drama",50365498,49876377,489121,58000000,-7634502,2012,20-Jan-12
The Wolfman,Uni.,"Drama,Fantasy,Horror",142634358,62189884,80444474,150000000,-7365642,2010,12-Feb-10
Centurion,Magn.,"Action,Adventure,Drama",7885048,123570,7761478,15000000,-7114952,2010,27-Aug-10
Rosewater,ORF,"Biography,Drama",3185717,3128941,56776,10000000,-6814283,2014,14-Nov-14
Hesher,WHE,"Comedy,Crime,Drama",382946,382946,0,7000000,-6617054,2011,13-May-11
Out of the Furnace,Rela.,"Crime,Drama,Thriller",15434375,11330849,4103526,22000000,-6565625,2013,4-Dec-13
Battle of the Sexes,FoxS,"Biography,Comedy,Drama",18445379,12638526,5806853,25000000,-6554621,2017,22-Sep-17
Attack the Block,SGem,"Action,Comedy,Sci-Fi",6459183,1024175,5435008,13000000,-6540817,2011,29-Jul-11
The Extra Man,Magn.,Comedy,492108,453377,38731,7000000,-6507892,2010,30-Jul-10
The Joneses,RAtt.,"Biography,Documentary",3541565,1475746,2065819,10000000,-6458435,2010,16-Apr-10
The Joneses,RAtt.,"Comedy,Drama",3541565,1475746,2065819,10000000,-6458435,2010,16-Apr-10
The Apparition,WB,Drama,10637281,4936819,5700462,17000000,-6362719,2012,24-Aug-12
The Apparition,WB,"Horror,Thriller",10637281,4936819,5700462,17000000,-6362719,2012,24-Aug-12
The Brothers Grimsby,Sony,"Action,Adventure,Comedy",28720470,6864016,21856454,35000000,-6279530,2016,11-Mar-16
Free Fire,A24,"Action,Comedy,Crime",3793739,1799322,1994417,10000000,-6206261,2017,21-Apr-17
Shark Night 3D,Rela.,"Horror,Thriller",18877153,18877153,0,25000000,-6122847,2011,2-Sep-11
Song One,TFA,"Drama,Music",437089,32251,404838,6000000,-5562911,2015,23-Jan-15
Lean on Pete,A24,"Adventure,Drama",2455027,1163056,1291971,8000000,-5544973,2018,6-Apr-18
Trash,FCW,Action,6553186,17484,6535702,12000000,-5446814,2015,9-Oct-15
Trash,FCW,"Adventure,Crime,Drama",6553186,17484,6535702,12000000,-5446814,2015,9-Oct-15
Trash,FCW,Comedy,6553186,17484,6535702,12000000,-5446814,2015,9-Oct-15
Trash,FCW,Drama,6553186,17484,6535702,12000000,-5446814,2015,9-Oct-15
Trash,FCW,Thriller,6553186,17484,6535702,12000000,-5446814,2015,9-Oct-15
Max Steel,ORF,"Action,Adventure,Family",4563080,3818664,744416,10000000,-5436920,2016,14-Oct-16
Killer Joe,LD,"Crime,Drama,Thriller",4659110,1291645,3367465,10000000,-5340890,2012,27-Jul-12
The Rover,A24,"Action,Crime,Drama",3180252,1109199,2071053,8500000,-5319748,2014,13-Jun-14
Destroyer,Annapurna,"Action,Crime,Drama",3681096,1533324,2147772,9000000,-5318904,2018,25-Dec-18
"Jeff, Who Lives at Home",ParV,"Comedy,Drama",4708127,4269426,438701,10000000,-5291873,2012,16-Mar-12
Freeheld,LGF,"Biography,Drama,Romance",1732228,546201,1186027,7000000,-5267772,2015,2-Oct-15
Inherent Vice,WB,"Comedy,Crime,Drama",14772346,8110975,6661371,20000000,-5227654,2014,12-Dec-14
A Dangerous Method,SPC,"Biography,Drama,Romance",14807531,5702083,9105448,20000000,-5192469,2011,23-Nov-11
Dom Hemingway,FoxS,"Comedy,Crime,Drama",1857458,523511,1333947,7000000,-5142542,2014,2-Apr-14
Mandela: Long Walk to Freedom,Wein.,"Biography,Drama,History",29890402,8323085,21567317,35000000,-5109598,2013,29-Nov-13
The Christmas Candle,ELS,"Drama,Family",1933829,1632000,301829,7000000,-5066171,2013,15-Nov-13
Queen of Katwe,BV,"Biography,Drama,Sport",10055481,8874389,1181092,15000000,-4944519,2016,23-Sep-16
Early Man,LGF,"Adventure,Animation,Comedy",45285890,8267544,37018346,50000000,-4714110,2018,16-Feb-18
The Incredible Burt Wonderstone,WB (NL),"Adventure,Comedy,Fantasy",27392609,22537881,4854728,32000000,-4607391,2013,15-Mar-13
Killer Elite,ORF,"Action,Crime,Thriller",65409046,25124986,40284060,70000000,-4590954,2011,23-Sep-11
Mandy,RLJ,"Action,Fantasy,Horror",1427656,1214525,213131,6000000,-4572344,2018,14-Sep-18
Mandy,RLJ,"Drama,Thriller",1427656,1214525,213131,6000000,-4572344,2018,14-Sep-18
Falcon Rising,Free,"Action,Adventure",11774,11774,0,4500000,-4488226,2014,4-Sep-14
Rudderless,Gold.,"Comedy,Drama,Music",567219,56001,511218,5000000,-4432781,2014,17-Oct-14
The Runaways,App.,Adventure,5278632,3573673,1704959,9500000,-4221368,2010,19-Mar-10
The Runaways,App.,"Biography,Drama,Music",5278632,3573673,1704959,9500000,-4221368,2010,19-Mar-10
Life During Wartime,IFC,"Documentary,History",281447,281447,0,4500000,-4218553,2010,23-Jul-10
Regression,W/Dim.,"Crime,Horror,Mystery",15824374,55039,15769335,20000000,-4175626,2016,30-Oct-15
White Boy Rick,Studio 8,"Crime,Drama",25947983,24004833,1943150,30000000,-4052017,2018,14-Sep-18
Father Figures,WB,"Adventure,Comedy,Drama",21038441,17501244,3537197,25000000,-3961559,2017,22-Dec-17
Father Figures,WB,Documentary,21038441,17501244,3537197,25000000,-3961559,2017,22-Dec-17
13 Sins,RTWC,"Horror,Thriller",47552,9134,38418,4000000,-3952448,2014,18-Apr-14
The Neon Demon,BG,"Horror,Thriller",3559803,1333124,2226679,7500000,-3940197,2016,24-Jun-16
Ain't Them Bodies Saints,IFC,"Crime,Drama,Romance",1075009,391611,683398,5000000,-3924991,2013,16-Aug-13
Gotti,VE,"Biography,Crime,Drama",6089100,4286367,1802733,10000000,-3910900,2018,15-Jun-18
Never Let Me Go,FoxS,Drama,11173718,2434652,8739066,15000000,-3826282,2010,15-Sep-10
Never Let Me Go,FoxS,"Drama,Romance,Sci-Fi",11173718,2434652,8739066,15000000,-3826282,2010,15-Sep-10
Labor Day,Par.,"Drama,Romance",14189810,13371528,818282,18000000,-3810190,2014,31-Jan-14
Premium Rush,Sony,"Action,Crime,Thriller",31393201,20275446,11117755,35000000,-3606799,2012,24-Aug-12
Dredd,LGF,"Action,Crime,Sci-Fi",41467606,13414714,28052892,45000000,-3532394,2012,21-Sep-12
Maggie,RAtt.,Drama,1027760,187112,840648,4500000,-3472240,2015,8-May-15
Maggie,RAtt.,"Drama,Horror",1027760,187112,840648,4500000,-3472240,2015,8-May-15
The East,FoxS,"Adventure,Drama,Thriller",3027956,2274649,753307,6500000,-3472044,2013,31-May-13
Desert Dancer,Rela.,"Biography,Drama,Music",596335,155271,441064,4000000,-3403665,2015,10-Apr-15
Jab Tak Hai Jaan,Yash,"Drama,Romance",5806666,3047539,2759127,9200000,-3393334,2012,13-Nov-12
People Like Us,BV,"Comedy,Drama",12617472,12431792,185680,16000000,-3382528,2012,29-Jun-12
People Like Us,BV,Drama,12617472,12431792,185680,16000000,-3382528,2012,29-Jun-12
Testament of Youth,SPC,"Biography,Drama,History",6646669,1822250,4824419,10000000,-3353331,2015,5-Jun-15
Stake Land,IFC,"Drama,Horror,Sci-Fi",679482,33245,646237,4000000,-3320518,2011,22-Apr-11
Blackthorn,Magn.,"Action,Adventure,Western",1217307,200558,1016749,4500000,-3282693,2011,7-Oct-11
Battle of the Year,SGem,"Drama,Music",16723377,8888355,7835022,20000000,-3276623,2013,20-Sep-13
Manglehorn,IFC,Drama,797439,132270,665169,4000000,-3202561,2015,19-Jun-15
Anna,VE,"Action,Thriller",1200000,0,1200000,4357373,-3157373,2014,6-Jun-14
Anna,VE,Biography,1200000,0,1200000,4357373,-3157373,2014,6-Jun-14
Anna,VE,"Biography,Documentary",1200000,0,1200000,4357373,-3157373,2014,6-Jun-14
Anna,VE,"Crime,Drama,Thriller",1200000,0,1200000,4357373,-3157373,2014,6-Jun-14
Anna,VE,Drama,1200000,0,1200000,4357373,-3157373,2014,6-Jun-14
Anna,VE,"Drama,Mystery,Sci-Fi",1200000,0,1200000,4357373,-3157373,2014,6-Jun-14
Anna,VE,Horror,1200000,0,1200000,4357373,-3157373,2014,6-Jun-14
Another Happy Day,P4,"Comedy,Drama",978527,9120,969407,4000000,-3021473,2011,18-Nov-11
Point Blank,Magn.,"Action,Crime,Drama",0,0,0,3000000,-3000000,2011,18-Sep-67
Point Blank,Magn.,"Action,Thriller",0,0,0,3000000,-3000000,2011,18-Sep-67
Point Blank,Magn.,"Crime,Documentary,History",0,0,0,3000000,-3000000,2011,18-Sep-67
The Gambler,Par.,"Action,Sci-Fi,Thriller",101773,51773,50000,3000000,-2898227,2014,4-Aug-99
The Gambler,Par.,"Crime,Drama,Thriller",101773,51773,50000,3000000,-2898227,2014,4-Aug-99
The Gambler,Par.,Documentary,101773,51773,50000,3000000,-2898227,2014,4-Aug-99
The Gambler,Par.,Drama,101773,51773,50000,3000000,-2898227,2014,4-Aug-99
The Gambler,Par.,"Drama,Thriller",101773,51773,50000,3000000,-2898227,2014,4-Aug-99
The Face of Love,IFC,"Drama,Mystery,Romance",1158877,385069,773808,4000000,-2841123,2014,7-Mar-14
Fun Size,Par.,"Adventure,Comedy",11166615,9409538,1757077,14000000,-2833385,2012,26-Oct-12
Freakonomics,Magn.,Documentary,172867,101270,71597,2900000,-2727133,2010,1-Oct-10
Wild Target,Free,"Action,Comedy,Crime",5314194,109338,5204856,8000000,-2685806,2010,29-Oct-10
Jem and the Holograms,Uni.,"Adventure,Drama,Family",2368937,2184640,184297,5000000,-2631063,2015,23-Oct-15
Believe,ORF,,890303,890303,0,3500000,-2609697,2013,2-Dec-16
Believe,ORF,Documentary,890303,890303,0,3500000,-2609697,2013,2-Dec-16
Believe,ORF,Drama,890303,890303,0,3500000,-2609697,2013,2-Dec-16
Believe,ORF,"Drama,Sport",890303,890303,0,3500000,-2609697,2013,2-Dec-16
Before We Go,RTWC,"Comedy,Drama,Romance",483938,37151,446787,3000000,-2516062,2015,4-Sep-15
Before We Go,RTWC,"Documentary,Drama,News",483938,37151,446787,3000000,-2516062,2015,4-Sep-15
Veronica Mars,WB,"Crime,Drama,Mystery",3485383,3322127,163256,6000000,-2514617,2014,14-Mar-14
Green Zone,Uni.,"Action,Drama,Thriller",97523020,35497337,62025683,100000000,-2476980,2010,12-Mar-10
Churchill,Cohen,Biography,7582196,1279681,6302515,10000000,-2417804,2017,2-Jun-17
Churchill,Cohen,"Biography,Drama,History",7582196,1279681,6302515,10000000,-2417804,2017,2-Jun-17
The Last Station,SPC,Documentary,15696146,6617867,9078279,18000000,-2303854,2010,15-Jan-10
The Last Station,SPC,Drama,15696146,6617867,9078279,18000000,-2303854,2010,15-Jan-10
Eden,BG,Animation,0,0,0,2300000,-2300000,2015,19-Jan-16
Eden,BG,"Biography,Drama,Music",0,0,0,2300000,-2300000,2015,19-Jan-16
Eden,BG,"Comedy,Drama",0,0,0,2300000,-2300000,2015,19-Jan-16
Eden,BG,"Crime,Drama",0,0,0,2300000,-2300000,2015,19-Jan-16
Eden,BG,Drama,0,0,0,2300000,-2300000,2015,19-Jan-16
Eden,BG,"Drama,Thriller",0,0,0,2300000,-2300000,2015,19-Jan-16
Anomalisa,Par.,"Animation,Comedy,Drama",5706168,3759286,1946882,8000000,-2293832,2015,30-Dec-15
Hotel Artemis,Global Road,"Action,Drama,Sci-Fi",12758799,6708137,6050662,15000000,-2241201,2018,8-Jun-18
Little Boy,ORF,"Drama,History,War",17769299,6485961,11283338,20000000,-2230701,2015,24-Apr-15
The D Train,IFC,"Comedy,Drama",772366,669688,102678,3000000,-2227634,2015,8-May-15
Everything Must Go,RAtt.,"Comedy,Drama",2821010,2712131,108879,5000000,-2178990,2011,13-May-11
Cedar Rapids,FoxS,Comedy,7862131,6861102,1001029,10000000,-2137869,2011,11-Feb-11
Red State,SMod,"Action,Crime,Horror",1983596,1065429,918167,4000000,-2016404,2011,23-Sep-11
The Art of Getting By,FoxS,"Drama,Romance",1989035,1430241,558794,4000000,-2010965,2011,17-Jun-11
The First Time,Gold.,"Comedy,Drama,Romance",17061,17061,0,2000000,-1982939,2012,19-Oct-12
The First Time,Gold.,Drama,17061,17061,0,2000000,-1982939,2012,19-Oct-12
Super,IFC,"Action,Comedy,Drama",593933,327716,266217,2500000,-1906067,2011,1-Apr-11
Super,IFC,Adventure,593933,327716,266217,2500000,-1906067,2011,1-Apr-11
Super,IFC,Drama,593933,327716,266217,2500000,-1906067,2011,1-Apr-11
Machete Kills,ORF,"Action,Crime,Sci-Fi",18273009,8008161,10264848,20000000,-1726991,2013,11-Oct-13
Damsels in Distress,SPC,"Comedy,Drama,Romance",1324299,1007535,316764,3000000,-1675701,2012,6-Apr-12
Danny Collins,BST,"Biography,Comedy,Drama",8465845,5637066,2828779,10000000,-1534155,2015,20-Mar-15
Legend,Uni.,"Action,Drama",23506237,15502112,8004125,25000000,-1493763,2015,18-Apr-86
Legend,Uni.,"Biography,Crime,Drama",23506237,15502112,8004125,25000000,-1493763,2015,18-Apr-86
Legend,Uni.,"Biography,Documentary",23506237,15502112,8004125,25000000,-1493763,2015,18-Apr-86
Legend,Uni.,Horror,23506237,15502112,8004125,25000000,-1493763,2015,18-Apr-86
MacGruber,Uni.,"Action,Comedy,Romance",8629895,8525600,104295,10000000,-1370105,2010,21-May-10
It's Kind of a Funny Story,Focus,"Comedy,Drama,Romance",6632950,6363628,269322,8000000,-1367050,2010,8-Oct-10
The Square,Magn.,"Comedy,Drama",176262,124244,52018,1500000,-1323738,2017,25-Oct-13
The Square,Magn.,Documentary,176262,124244,52018,1500000,-1323738,2017,25-Oct-13
The Square,Magn.,"Documentary,Drama,History",176262,124244,52018,1500000,-1323738,2017,25-Oct-13
The Square,Magn.,Family,176262,124244,52018,1500000,-1323738,2017,25-Oct-13
Four Lions,Drft.,"Comedy,Crime,Drama",2436111,310007,2126104,3750000,-1313889,2010,5-Nov-10
Dheepan,IFC,"Crime,Drama",7704357,248795,7455562,9000000,-1295643,2016,6-May-16
Green Room,A24,"Horror,Music,Thriller",3807503,3220371,587132,5000000,-1192497,2016,15-Apr-16
Hot Tub Time Machine 2,Par.,"Comedy,Mystery,Sci-Fi",12826644,12314651,511993,14000000,-1173356,2015,20-Feb-15
Chloe,SPC,"Documentary,Family",11831131,3075255,8755876,13000000,-1168869,2010,26-Mar-10
Chloe,SPC,"Drama,Music,Romance",11831131,3075255,8755876,13000000,-1168869,2010,26-Mar-10
Gods of Egypt,LG/S,"Action,Adventure,Fantasy",138836756,31153464,107683292,140000000,-1163244,2016,26-Feb-16
The Square,Magn.,"Comedy,Drama",740932,406216,334716,1900000,-1159068,2017,9-Apr-10
The Square,Magn.,Documentary,740932,406216,334716,1900000,-1159068,2017,9-Apr-10
The Square,Magn.,"Documentary,Drama,History",740932,406216,334716,1900000,-1159068,2017,9-Apr-10
The Square,Magn.,Family,740932,406216,334716,1900000,-1159068,2017,9-Apr-10
Tusk,A24,"Comedy,Drama,Horror",1887554,1821983,65571,3000000,-1112446,2014,19-Sep-14
The Collection,LD,"Action,Horror,Thriller",8890094,6810754,2079340,10000000,-1109906,2012,30-Nov-12
Higher Ground,SPC,Drama,842693,841056,1637,1800000,-957307,2011,23-Aug-11
Trance,FoxS,"Crime,Drama,Mystery",0,0,0,950000,-950000,2013,31-Dec-12
Trance,FoxS,Documentary,0,0,0,950000,-950000,2013,31-Dec-12
Trance,FoxS,Horror,0,0,0,950000,-950000,2013,31-Dec-12
Camp X-Ray,IFC,"Drama,War",101053,9837,91216,1000000,-898947,2014,17-Oct-14
American Honey,A24,"Adventure,Drama,Romance",2611750,663247,1948503,3500000,-888250,2016,30-Sep-16
Snitch,LG/S,"Action,Drama,Thriller",0,0,0,850000,-850000,2013,31-Dec-12
Warrior,LGF,Drama,24215385,13657115,10558270,25000000,-784615,2011,9-Sep-11
Warrior,LGF,"Drama,Sport",24215385,13657115,10558270,25000000,-784615,2011,9-Sep-11
Denial,BST,"Biography,Drama",9263940,4073448,5190492,10000000,-736060,2016,30-Sep-16
Denial,BST,Documentary,9263940,4073448,5190492,10000000,-736060,2016,30-Sep-16
Two Night Stand,EOne,"Comedy,Romance",868081,15600,852481,1600000,-731919,2014,26-Sep-14
Morgan,Fox,"Action,Horror,Sci-Fi",7298786,3915251,3383535,8000000,-701214,2016,2-Sep-16
Morgan,Fox,"Drama,Romance",7298786,3915251,3383535,8000000,-701214,2016,2-Sep-16
Conviction,FoxS,"Biography,Crime,Drama",11826980,6797696,5029284,12500000,-673020,2010,15-Oct-10
Conviction,FoxS,Drama,11826980,6797696,5029284,12500000,-673020,2010,15-Oct-10
The Invitation,Drft.,Documentary,354836,231738,123098,1000000,-645164,2016,8-Apr-16
The Invitation,Drft.,"Drama,Horror,Mystery",354836,231738,123098,1000000,-645164,2016,8-Apr-16
They Will Have to Kill Us First,BBC,Documentary,7943,0,7943,600000,-592057,2016,4-Mar-16
Broken City,Fox,"Crime,Drama,Thriller",34480045,19701164,14778881,35000000,-519955,2013,18-Jan-13
The Journey,IFC,,19800,19800,0,500000,-480200,2017,11-Jul-03
The Journey,IFC,"Adventure,Drama,Mystery",19800,19800,0,500000,-480200,2017,11-Jul-03
The Journey,IFC,"Biography,Documentary,Drama",19800,19800,0,500000,-480200,2017,11-Jul-03
The Journey,IFC,"Comedy,Drama",19800,19800,0,500000,-480200,2017,11-Jul-03
The Journey,IFC,"Comedy,Drama,Family",19800,19800,0,500000,-480200,2017,11-Jul-03
The Journey,IFC,Documentary,19800,19800,0,500000,-480200,2017,11-Jul-03
The Journey,IFC,"Documentary,Sport",19800,19800,0,500000,-480200,2017,11-Jul-03
The Journey,IFC,Drama,19800,19800,0,500000,-480200,2017,11-Jul-03
The Journey,IFC,"Drama,Thriller",19800,19800,0,500000,-480200,2017,11-Jul-03
The Journey,IFC,Family,19800,19800,0,500000,-480200,2017,11-Jul-03
I Spit on Your Grave,Anch.,"Horror,Thriller",1278471,93051,1185420,1750000,-471529,2010,8-Oct-10
Table 19,FoxS,"Comedy,Drama,Romance",4620399,3614896,1005503,5000000,-379601,2017,3-Mar-17
Jackpot,DR,,44452,44452,0,400000,-355548,2014,27-Jul-01
Jackpot,DR,"Action,Comedy,Crime",44452,44452,0,400000,-355548,2014,27-Jul-01
Jackpot,DR,"Biography,Documentary",44452,44452,0,400000,-355548,2014,27-Jul-01
Jackpot,DR,Comedy,44452,44452,0,400000,-355548,2014,27-Jul-01
Jackpot,DR,"Comedy,Romance",44452,44452,0,400000,-355548,2014,27-Jul-01
Jackpot,DR,"Comedy,Thriller",44452,44452,0,400000,-355548,2014,27-Jul-01
Jackpot,DR,Drama,44452,44452,0,400000,-355548,2014,27-Jul-01
Unknown,WB,,3355048,26403,3328645,3700000,-344952,2011,3-Nov-06
Unknown,WB,"Action,Mystery,Thriller",3355048,26403,3328645,3700000,-344952,2011,3-Nov-06
Unknown,WB,Drama,3355048,26403,3328645,3700000,-344952,2011,3-Nov-06
Kill List,IFC,"Crime,Drama,Horror",462206,29063,433143,800000,-337794,2012,3-Feb-12
Only God Forgives,RTWC,"Crime,Drama",4494560,775849,3718711,4800000,-305440,2013,19-Jul-13
The Canyons,IFC,"Drama,Thriller",62375,59671,2704,250000,-187625,2013,2-Aug-13
I Origins,FoxS,"Drama,Romance,Sci-Fi",852399,336472,515927,1000000,-147601,2014,18-Jul-14
Meek's Cutoff,Osci.,"Drama,Western",1869928,977772,892156,2000000,-130072,2011,8-Apr-11
And So It Goes,CE,"Comedy,Drama,Romance",17920013,15160801,2759212,18000000,-79987,2014,25-Jul-14
Stoker,FoxS,"Drama,Thriller",12034913,1703125,10331788,12000000,34913,2013,1-Mar-13
Hugo,Par.,"Adventure,Drama,Family",180047784,73864507,106183277,180000000,47784,2011,23-Nov-11
Hugo,Par.,Documentary,180047784,73864507,106183277,180000000,47784,2011,23-Nov-11
Circumstance,RAtt.,Drama,958978,454121,504857,900000,58978,2011,26-Aug-11
Locke,A24,Drama,2088390,1370646,717744,2000000,88390,2014,25-Apr-14
Palo Alto,Trib.,Drama,1156309,767732,388577,1000000,156309,2014,9-May-14
Rubber,Magn.,"Comedy,Fantasy,Horror",680914,100370,580544,500000,180914,2011,1-Apr-11
Take Shelter,SPC,"Drama,Horror,Thriller",4972016,1728953,3243063,4750000,222016,2011,30-Sep-11
Holy Motors,IM,"Drama,Fantasy",4230426,641054,3589372,4000000,230426,2012,17-Oct-12
Letters to God,Viv.,"Drama,Family",3237452,2848587,388865,3000000,237452,2010,9-Apr-10
The Future,RAtt.,"Drama,Fantasy,Romance",1239174,568662,670512,1000000,239174,2011,29-Jul-11
The Innkeepers,Magn.,"Drama,Horror,Mystery",1011535,78396,933139,750000,261535,2012,3-Feb-12
The Diary of a Teenage Girl,SPC,"Comedy,Drama,Romance",2279959,1477002,802957,2000000,279959,2015,7-Aug-15
Sound of My Voice,FoxS,"Drama,Mystery,Sci-Fi",429448,408015,21433,135000,294448,2012,27-Apr-12
Tiny Furniture,IFC,"Comedy,Drama,Romance",424149,391674,32475,50000,374149,2010,12-Nov-10
Alex Cross,LG/S,"Action,Crime,Mystery",35426759,25888412,9538347,35000000,426759,2012,19-Oct-12
Patti Cake$,FoxS,"Drama,Music",1471090,800148,670942,1000000,471090,2017,18-Aug-17
I Don't Know How She Does It,Wein.,"Comedy,Romance",24474463,9659074,14815389,24000000,474463,2011,16-Sep-11
The Dilemma,Uni.,"Comedy,Drama",70546865,48475290,22071575,70000000,546865,2011,14-Jan-11
Scouts Guide to the Zombie Apocalypse,Par.,"Action,Comedy,Horror",15554855,3703046,11851809,15000000,554855,2015,30-Oct-15
Compliance,Magn.,"Biography,Crime,Drama",830700,319285,511415,270000,560700,2012,17-Aug-12
That's My Boy,Sony,Comedy,58085235,36931089,21154146,57500000,585235,2012,15-Jun-12
Wish I Was Here,Focus,"Comedy,Drama",6591365,3591299,3000066,6000000,591365,2014,18-Jul-14
Albert Nobbs,RAtt.,"Drama,Romance",8539003,3014696,5524307,7500000,1039003,2012,21-Dec-11
Rabbit Hole,LGF,Drama,6205034,2229058,3975976,5000000,1205034,2010,17-Dec-10
Me and Earl and the Dying Girl,FoxS,"Comedy,Drama,Romance",9266180,6758416,2507764,8000000,1266180,2015,12-Jun-15
The Guilt Trip,Par.,"Comedy,Drama",41294674,37134215,4160459,40000000,1294674,2012,19-Dec-12
Shut In,EC,"Drama,Mystery,Thriller",11360665,6900335,4460330,10000000,1360665,2016,11-Nov-16
Woodlawn,PFR,"Drama,Sport",14403703,14394097,9606,13000000,1403703,2015,16-Oct-15
Friend Request,ENTMP,Horror,11310835,3759078,7551757,9900000,1410835,2017,22-Sep-17
Friend Request,ENTMP,"Horror,Thriller",11310835,3759078,7551757,9900000,1410835,2017,22-Sep-17
Friend Request,ENTMP,Thriller,11310835,3759078,7551757,9900000,1410835,2017,22-Sep-17
The Wall,RAtt.,"Action,Drama,Thriller",4495262,1803064,2692198,3000000,1495262,2017,12-May-17
The Wall,RAtt.,Comedy,4495262,1803064,2692198,3000000,1495262,2017,12-May-17
The Wall,RAtt.,Documentary,4495262,1803064,2692198,3000000,1495262,2017,12-May-17
The Wall,RAtt.,Drama,4495262,1803064,2692198,3000000,1495262,2017,12-May-17
The Wall,RAtt.,"Drama,Fantasy,Mystery",4495262,1803064,2692198,3000000,1495262,2017,12-May-17
Pan,WB,"Adventure,Comedy,Family",151525973,35088320,116437653,150000000,1525973,2015,9-Oct-15
Please Give,SPC,"Comedy,Drama",4570178,4033574,536604,3000000,1570178,2010,30-Apr-10
Kill the Messenger,Focus,"Biography,Crime,Drama",6656705,2450846,4205859,5000000,1656705,2014,10-Oct-14
Can You Ever Forgive Me?,FoxS,"Biography,Comedy,Crime",11752387,8803865,2948522,10000000,1752387,2018,19-Oct-18
Seeking a Friend for the End of the World,Focus,"Adventure,Comedy,Drama",11766959,7078738,4688221,10000000,1766959,2012,22-Jun-12
Another Earth,FoxS,"Drama,Romance,Sci-Fi",2102779,1321194,781585,175000,1927779,2011,22-Jul-11
The Vatican Tapes,LGF,"Horror,Thriller",14929184,1784763,13144421,13000000,1929184,2015,24-Jul-15
Samsara,Osci.,"Documentary,Music",5966671,2672413,3294258,4000000,1966671,2012,24-Aug-12
The Light Between Oceans,BV,"Drama,Romance",22281732,12545979,9735753,20000000,2281732,2016,2-Sep-16
American Ultra,LGF,"Action,Comedy,Sci-Fi",30295028,14439985,15855043,28000000,2295028,2015,21-Aug-15
Obvious Child,A24,"Comedy,Drama,Romance",3324070,3122616,201454,1000000,2324070,2014,6-Jun-14
The Meddler,SPC,"Comedy,Drama,Romance",5526942,4267219,1259723,3200000,2326942,2016,22-Apr-16
The Man Who Knew Infinity,IFC,"Biography,Drama",12382122,3877922,8504200,10000000,2382122,2016,29-Apr-16
Robot & Frank,Gold.,"Comedy,Crime,Drama",4934356,3317468,1616888,2500000,2434356,2012,17-Aug-12
A Ghost Story,A24,"Drama,Fantasy,Romance",2769782,1594798,1174984,100000,2669782,2017,7-Jul-17
Submarine,Wein.,"Comedy,Drama,Romance",4581937,467602,4114335,1900000,2681937,2011,3-Jun-11
Jack the Giant Slayer,WB (NL),"Adventure,Fantasy",197687603,65187603,132500000,195000000,2687603,2013,1-Mar-13
Prom,BV,"Comedy,Drama,Family",10763183,10130219,632964,8000000,2763183,2011,29-Apr-11
Swiss Army Man,A24,"Adventure,Comedy,Drama",5837111,4210454,1626657,3000000,2837111,2016,24-Jun-16
Your Sister's Sister,IFC,"Comedy,Drama",3090593,1597486,1493107,120000,2970593,2012,15-Jun-12
Jupiter Ascending,WB,"Action,Adventure,Sci-Fi",181982519,47482519,134500000,179000000,2982519,2015,6-Feb-15
Transcendence,WB,,103039258,23022309,80016949,100000000,3039258,2014,18-Apr-14
Transcendence,WB,"Action,Drama,Sci-Fi",103039258,23022309,80016949,100000000,3039258,2014,18-Apr-14
Transcendence,WB,Drama,103039258,23022309,80016949,100000000,3039258,2014,18-Apr-14
Cyrus,FoxS,"Comedy,Drama,Romance",10062896,7468936,2593960,7000000,3062896,2010,18-Jun-10
Cyrus,FoxS,"Crime,Horror,Mystery",10062896,7468936,2593960,7000000,3062896,2010,18-Jun-10
The 33,WB,"Biography,Drama,History",28400715,12227722,16172993,25000000,3400715,2015,13-Nov-15
A Monster Calls,Focus,"Animation,Drama,Fantasy",46414530,3740823,42673707,43000000,3414530,2016,6-Jan-17
Like Crazy,ParV,"Comedy,Drama",3728400,3395391,333009,250000,3478400,2011,28-Oct-11
Like Crazy,ParV,Drama,3728400,3395391,333009,250000,3478400,2011,28-Oct-11
Like Crazy,ParV,"Drama,Romance",3728400,3395391,333009,250000,3478400,2011,28-Oct-11
The Sweeney,EOne,"Action,Crime,Drama",8000366,26345,7974021,4500000,3500366,2013,1-Mar-13
Joyful Noise,WB,"Comedy,Drama,Music",31157914,30932113,225801,27500000,3657914,2012,13-Jan-12
Safety Not Guaranteed,FD,"Comedy,Drama,Romance",4422318,4010957,411361,750000,3672318,2012,8-Jun-12
We Need to Talk About Kevin,Osci.,"Drama,Mystery,Thriller",10765283,1738692,9026591,7000000,3765283,2011,13-Jan-12
Animal Kingdom,SPC,"Crime,Drama",8078683,1044039,7034644,4200000,3878683,2010,13-Aug-10
Animal Kingdom,SPC,"Drama,Fantasy,Horror",8078683,1044039,7034644,4200000,3878683,2010,13-Aug-10
Loving,Focus,"Biography,Drama,Romance",12898064,7710234,5187830,9000000,3898064,2016,4-Nov-16
Loving,Focus,"Drama,Romance",12898064,7710234,5187830,9000000,3898064,2016,4-Nov-16
All Saints,Affirm,Drama,5941994,5802208,139786,2000000,3941994,2017,25-Aug-17
Bernie,MNE,"Biography,Comedy,Crime",10106975,9204489,902486,6000000,4106975,2012,27-Apr-12
Bernie,MNE,Family,10106975,9204489,902486,6000000,4106975,2012,27-Apr-12
Mustang,Cohen,Drama,5552584,845464,4707120,1400000,4152584,2015,20-Nov-15
Dear White People,RAtt.,"Comedy,Drama,Romance",5403771,4404154,999617,1250000,4153771,2014,17-Oct-14
Knock Knock,LGP,"Drama,Thriller",6328516,36336,6292180,2000000,4328516,2015,9-Oct-15
Knock Knock,LGP,Horror,6328516,36336,6292180,2000000,4328516,2015,9-Oct-15
Furry Vengeance,Sum.,"Comedy,Family",39340177,17630465,21709712,35000000,4340177,2010,30-Apr-10
The Darkest Minds,Fox,"Action,Adventure,Drama",38361428,12695691,25665737,34000000,4361428,2018,3-Aug-18
Incarnate,BH Tilt,"Horror,Thriller",9371036,4799774,4571262,5000000,4371036,2016,2-Dec-16
The Spectacular Now,A24,"Comedy,Drama,Romance",6916951,6852971,63980,2500000,4416951,2013,2-Aug-13
Martha Marcy May Marlene,FoxS,"Drama,Mystery,Thriller",5438911,2981038,2457873,1000000,4438911,2011,21-Oct-11
Compadres,PNT,"Action,Comedy,Crime",7445044,3127773,4317271,3000000,4445044,2016,22-Apr-16
Charlie St. Cloud,Uni.,"Drama,Fantasy,Romance",48478084,31206263,17271821,44000000,4478084,2010,30-Jul-10
The Raven,Rela.,"Crime,Mystery,Thriller",30601801,16008272,14593529,26000000,4601801,2012,27-Apr-12
The Skeleton Twins,RAtt.,"Comedy,Drama,Romance",5797192,5284309,512883,1000000,4797192,2014,12-Sep-14
Draft Day,LG/S,"Drama,Sport",29847480,28842237,1005243,25000000,4847480,2014,11-Apr-14
The Losers,WB,"Action,Adventure,Crime",29863840,23591432,6272408,25000000,4863840,2010,23-Apr-10
The Losers,WB,Drama,29863840,23591432,6272408,25000000,4863840,2010,23-Apr-10
Monsters,Magn.,,5639730,237301,5402429,500000,5139730,2010,29-Oct-10
Monsters,Magn.,"Documentary,Drama,History",5639730,237301,5402429,500000,5139730,2010,29-Oct-10
Monsters,Magn.,"Drama,Sci-Fi,Thriller",5639730,237301,5402429,500000,5139730,2010,29-Oct-10
Monsters,Magn.,"Drama,Thriller",5639730,237301,5402429,500000,5139730,2010,29-Oct-10
Monsters,Magn.,Horror,5639730,237301,5402429,500000,5139730,2010,29-Oct-10
The Perfect Match,LGF,"Biography,Documentary,Family",10182050,9669521,512529,5000000,5182050,2016,11-Mar-16
The Perfect Match,LGF,"Comedy,Romance",10182050,9669521,512529,5000000,5182050,2016,11-Mar-16
The Perfect Match,LGF,Romance,10182050,9669521,512529,5000000,5182050,2016,11-Mar-16
American Assassin,LGF,"Action,Thriller",68310140,36249674,32060466,63000000,5310140,2017,15-Sep-17
Snow Flower and the Secret Fan,FoxS,"Drama,History",11348205,1348205,10000000,6000000,5348205,2011,15-Jul-11
Zoolander 2,Par.,Comedy,55348693,28848693,26500000,50000000,5348693,2016,12-Feb-16
The Cold Light of Day,LG/S,"Action,Thriller",25361206,3763583,21597623,20000000,5361206,2012,7-Sep-12
The Babadook,IFC,"Drama,Horror",7482387,950792,6531595,2000000,5482387,2014,28-Nov-14
Steve Jobs,Uni.,"Biography,Drama",35579007,17766658,17812349,30000000,5579007,2015,9-Oct-15
Country Strong,SGem,"Drama,Music",20601987,20218921,383066,15000000,5601987,2010,22-Dec-10
Keanu,WB (NL),"Action,Comedy,Crime",20688141,20591853,96288,15000000,5688141,2016,29-Apr-16
Paterson,BST,"Comedy,Drama,Romance",10727536,2141423,8586113,5000000,5727536,2016,28-Dec-16
Admission,Focus,"Comedy,Drama,Romance",18733666,18007317,726349,13000000,5733666,2013,22-Mar-13
Inside Job,SPC,"Crime,Documentary",7799257,4311834,3487423,2000000,5799257,2010,8-Oct-10
Khumba,MNE,"Adventure,Animation,Family",20898221,0,20898221,15000000,5898221,2013,6-Dec-13
The Railway Man,Wein.,"Biography,Drama,Romance",23910210,4438438,19471772,18000000,5910210,2014,11-Apr-14
Triple 9,ORF,"Crime,Thriller",25943792,12639297,13304495,20000000,5943792,2016,26-Feb-16
Dum Maaro Dum,FoxS,"Action,Crime,Drama",11633427,564489,11068938,5200000,6433427,2011,22-Apr-11
The Drop,FoxS,"Crime,Drama",19054534,10724389,8330145,12600000,6454534,2014,12-Sep-14
The Drop,FoxS,Documentary,19054534,10724389,8330145,12600000,6454534,2014,12-Sep-14
Trance,FoxS,"Crime,Drama,Mystery",22594052,2322593,20271459,16000000,6594052,2013,5-Apr-13
Trance,FoxS,Documentary,22594052,2322593,20271459,16000000,6594052,2013,5-Apr-13
Trance,FoxS,Horror,22594052,2322593,20271459,16000000,6594052,2013,5-Apr-13
The Darkness,BH Tilt,"Horror,Thriller",10898293,10753574,144719,4000000,6898293,2016,13-May-16
The Darkness,BH Tilt,Thriller,10898293,10753574,144719,4000000,6898293,2016,13-May-16
The Man with the Iron Fists,Uni.,Action,22018988,15634090,6384898,15000000,7018988,2012,2-Nov-12
Our Family Wedding,FoxS,"Comedy,Romance",21410546,20255281,1155265,14000000,7410546,2010,12-Mar-10
While We're Young,A24,"Comedy,Drama,Mystery",17503828,7582065,9921763,10000000,7503828,2015,27-Mar-15
Man on a Ledge,LG/S,"Action,Adventure,Crime",49621440,18620000,31001440,42000000,7621440,2012,27-Jan-12
Made in Dagenham,SPC,"Biography,Comedy,Drama",15644196,1095369,14548827,8000000,7644196,2010,19-Nov-10
John Carter,BV,"Action,Adventure,Sci-Fi",282778100,73058679,209719421,275000000,7778100,2012,9-Mar-12
If Beale Street Could Talk,Annapurna,"Drama,Romance",19859167,14915773,4943394,12000000,7859167,2018,14-Dec-18
The Other Side of the Door,Fox,Drama,12905107,3000342,9904765,5000000,7905107,2016,4-Mar-16
The Other Side of the Door,Fox,Horror,12905107,3000342,9904765,5000000,7905107,2016,4-Mar-16
Kites,Relbig.,"Action,Drama,Romance",17155193,1685269,15469924,9200000,7955193,2010,21-May-10
Le Havre,Jan.,"Comedy,Drama",13480196,611709,12868487,5500000,7980196,2011,21-Oct-11
We Are Your Friends,WB,"Drama,Music,Romance",10153415,3591417,6561998,2000000,8153415,2015,28-Aug-15
The Snowman,Uni.,"Crime,Drama,Mystery",43226146,6670765,36555381,35000000,8226146,2017,20-Oct-17
ABCD (Any Body Can Dance),UTV,"Drama,Music",10137234,222098,9915136,1900000,8237234,2013,8-Feb-13
Frances Ha,IFC,"Comedy,Drama,Romance",11262769,4067398,7195371,3000000,8262769,2013,17-May-13
Let Me In,Over.,"Drama,Fantasy,Horror",28270399,12134935,16135464,20000000,8270399,2010,1-Oct-10
Let Me In,Over.,Horror,28270399,12134935,16135464,20000000,8270399,2010,1-Oct-10
The Water Diviner,WB,"Drama,History,War",31054727,4200117,26854610,22500000,8554727,2015,24-Apr-15
Housefull,Eros,Comedy,18726300,1183658,17542642,10100000,8626300,2010,30-Apr-10
Housefull,Eros,Family,18726300,1183658,17542642,10100000,8626300,2010,30-Apr-10
Khiladi 786,Eros,"Action,Comedy",14683763,385422,14298341,5600000,9083763,2012,7-Dec-12
The Florida Project,A24,Drama,11295324,5904366,5390958,2000000,9295324,2017,6-Oct-17
A Street Cat Named Bob,Cleopatra,"Biography,Comedy,Drama",17382693,82703,17299990,8000000,9382693,2016,18-Nov-16
The Founder,Wein.,"Biography,Drama,History",24403192,12786053,11617139,15000000,9403192,2017,20-Jan-17
The Founder,Wein.,"Comedy,Sci-Fi",24403192,12786053,11617139,15000000,9403192,2017,20-Jan-17
"I, Frankenstein",LGF,"Action,Fantasy,Horror",74575290,19075290,55500000,65000000,9575290,2014,24-Jan-14
Bachelorette,RTWC,"Comedy,Romance",12577401,446770,12130631,3000000,9577401,2012,7-Sep-12
The Nice Guys,WB,"Action,Comedy,Crime",59596747,36261763,23334984,50000000,9596747,2016,20-May-16
Just Wright,FoxS,"Comedy,Romance,Sport",21867665,21540363,327302,12000000,9867665,2010,14-May-10
All Eyez on Me,LG/S,"Biography,Drama,Music",54876855,44922302,9954553,45000000,9876855,2017,16-Jun-17
Nocturnal Animals,Focus,"Drama,Thriller",32398681,10663357,21735324,22500000,9898681,2016,18-Nov-16
The Campaign,WB,Comedy,104907746,86907746,18000000,95000000,9907746,2012,10-Aug-12
The Campaign,WB,Documentary,104907746,86907746,18000000,95000000,9907746,2012,10-Aug-12
Somewhere,Focus,"Comedy,Drama",17023121,1785645,15237476,7000000,10023121,2010,22-Dec-10
The Edge of Seventeen,STX,"Comedy,Drama",19096003,14431633,4664370,9000000,10096003,2016,18-Nov-16
What's Your Number?,Fox,"Comedy,Romance",30163785,14011084,16152701,20000000,10163785,2011,30-Sep-11
The Words,CBS,"Drama,Mystery,Romance",16369708,11494838,4874870,6000000,10369708,2012,7-Sep-12
The Sessions,FoxS,"Biography,Comedy,Drama",11495204,6002451,5492753,1000000,10495204,2012,19-Oct-12
The Lunchbox,SPC,"Drama,Romance",12231500,4231500,8000000,1700000,10531500,2014,28-Feb-14
Hot Pursuit,WB (NL),"Action,Comedy,Crime",45671512,34580201,11091311,35000000,10671512,2015,8-May-15
Young Adult,Par.,"Comedy,Drama",22750356,16311571,6438785,12000000,10750356,2011,9-Dec-11
Vice,Annapurna,"Action,Adventure,Sci-Fi",70883171,47836282,23046889,60000000,10883171,2018,25-Dec-18
Vice,Annapurna,"Biography,Comedy,Drama",70883171,47836282,23046889,60000000,10883171,2018,25-Dec-18
3 Days to Kill,Rela.,"Action,Drama,Thriller",38959900,30697999,8261901,28000000,10959900,2014,21-Feb-14
Youth,FoxS,"Comedy,Drama,Music",24001573,2703296,21298277,13000000,11001573,2015,4-Dec-15
Youth,FoxS,Drama,24001573,2703296,21298277,13000000,11001573,2015,4-Dec-15
Youth,FoxS,"Drama,Family",24001573,2703296,21298277,13000000,11001573,2015,4-Dec-15
Youth,FoxS,"Drama,Romance,War",24001573,2703296,21298277,13000000,11001573,2015,4-Dec-15
Beginners,Focus,"Comedy,Drama,Romance",14314407,5790894,8523513,3200000,11114407,2011,3-Jun-11
Mr. Turner,SPC,"Biography,Drama,History",25187026,3958546,21228480,14000000,11187026,2014,19-Dec-14
Dope,ORF,"Comedy,Crime,Drama",18190831,17506470,684361,7000000,11190831,2015,19-Jun-15
The Sapphires,Wein.,"Biography,Comedy,Drama",20395040,2450867,17944173,9000000,11395040,2013,22-Mar-13
Wish Upon,BG,"Drama,Fantasy,Horror",23477345,14301505,9175840,12000000,11477345,2017,14-Jul-17
Sea Rex 3D: Journey to a Prehistoric World,3D,Documentary,16515203,6096582,10418621,5000000,11515203,2010,28-May-10
Going the Distance,WB (NL),,43603990,17804299,25799691,32000000,11603990,2010,3-Sep-10
Going the Distance,WB (NL),Comedy,43603990,17804299,25799691,32000000,11603990,2010,3-Sep-10
Going the Distance,WB (NL),"Comedy,Romance",43603990,17804299,25799691,32000000,11603990,2010,3-Sep-10
Faster,CBS,"Action,Crime,Drama",35792945,23240020,12552925,24000000,11792945,2010,24-Nov-10
The Green Inferno,BH Tilt,"Adventure,Horror",12931420,7192291,5739129,1000000,11931420,2015,25-Sep-15
Do You Believe?,PFR,Drama,14304931,12985600,1319331,2300000,12004931,2015,20-Mar-15
Do You Believe?,PFR,"Fantasy,Horror",14304931,12985600,1319331,2300000,12004931,2015,20-Mar-15
Another Year,SPC,"Comedy,Drama",20005613,3205706,16799907,8000000,12005613,2010,29-Dec-10
Another Year,SPC,Documentary,20005613,3205706,16799907,8000000,12005613,2010,29-Dec-10
Another Year,SPC,"Drama,Romance",20005613,3205706,16799907,8000000,12005613,2010,29-Dec-10
The Hate U Give,Fox,"Crime,Drama",35067665,29719483,5348182,23000000,12067665,2018,5-Oct-18
The Watch,Fox,"Action,Comedy,Horror",67130045,34353000,32777045,55000000,12130045,2012,27-Jul-12
The Dressmaker,BG,"Comedy,Drama",24041617,2022115,22019502,11900000,12141617,2016,23-Sep-16
Melancholia,Magn.,Documentary,21817298,3030848,18786450,9400000,12417298,2011,11-Nov-11
Melancholia,Magn.,"Drama,Mystery,Romance",21817298,3030848,18786450,9400000,12417298,2011,11-Nov-11
Melancholia,Magn.,"Drama,Sci-Fi",21817298,3030848,18786450,9400000,12417298,2011,11-Nov-11
Ramona and Beezus,Fox,"Adventure,Comedy,Family",27469621,26167002,1302619,15000000,12469621,2010,23-Jul-10
Addicted,LGF,Comedy,17499242,17390770,108472,5000000,12499242,2014,10-Oct-14
Addicted,LGF,"Documentary,Music",17499242,17390770,108472,5000000,12499242,2014,10-Oct-14
Addicted,LGF,Drama,17499242,17390770,108472,5000000,12499242,2014,10-Oct-14
Addicted,LGF,"Drama,Thriller",17499242,17390770,108472,5000000,12499242,2014,10-Oct-14
Norm of the North,LGF,"Adventure,Animation,Comedy",30535660,17062499,13473161,18000000,12535660,2016,15-Jan-16
Hell Fest,LGF,Horror,18119231,11107431,7011800,5500000,12619231,2018,28-Sep-18
Mommy,RAtt.,Drama,17536004,3498695,14037309,4900000,12636004,2014,23-Jan-15
Ida,MBox,Drama,15298355,3827060,11471295,2600000,12698355,2014,2-May-14
Unsane,BST,"Drama,Horror,Mystery",14244931,7690044,6554887,1500000,12744931,2018,23-Mar-18
Nebraska,Par.,"Adventure,Comedy,Drama",24761360,17654912,7106448,12000000,12761360,2013,15-Nov-13
Patriots Day,LGF,"Action,Crime,Drama",52837989,31886361,20951628,40000000,12837989,2016,21-Dec-16
You Again,BV,"Comedy,Family,Romance",32838945,25702053,7136892,20000000,12838945,2010,24-Sep-10
30 Minutes or Less,Sony,"Action,Comedy,Crime",40966716,37053924,3912792,28000000,12966716,2011,12-Aug-11
Black or White,Rela.,"Action,Drama,Thriller",21971021,21571189,399832,9000000,12971021,2015,30-Jan-15
Black or White,Rela.,Drama,21971021,21571189,399832,9000000,12971021,2015,30-Jan-15
The Master,Wein.,"Action,History",50647416,16247159,34400257,37500000,13147416,2012,14-Sep-12
The Master,Wein.,Documentary,50647416,16247159,34400257,37500000,13147416,2012,14-Sep-12
The Master,Wein.,Drama,50647416,16247159,34400257,37500000,13147416,2012,14-Sep-12
Allied,Par.,"Action,Drama,Romance",119266661,40098064,79168597,106000000,13266661,2016,23-Nov-16
Haywire,Rela.,"Action,Drama,Thriller",36374700,18942396,17432304,23000000,13374700,2012,20-Jan-12
Parker,FD,"Action,Crime,Thriller",48543388,17616641,30926747,35000000,13543388,2013,25-Jan-13
Upgrade,BH Tilt,"Action,Sci-Fi,Thriller",16553285,11977130,4576155,3000000,13553285,2018,1-Jun-18
Upgrade,BH Tilt,Drama,16553285,11977130,4576155,3000000,13553285,2018,1-Jun-18
Diary of a Wimpy Kid: The Long Haul,Fox,"Comedy,Family",35609577,20738724,14870853,22000000,13609577,2017,19-May-17
Leap Year,Uni.,"Comedy,Romance",32618920,25918920,6700000,19000000,13618920,2010,8-Jan-10
Leap Year,Uni.,"Drama,Romance",32618920,25918920,6700000,19000000,13618920,2010,8-Jan-10
The Gambler,Par.,"Action,Sci-Fi,Thriller",38718031,33680992,5037039,25000000,13718031,2014,10-Dec-14
The Gambler,Par.,"Crime,Drama,Thriller",38718031,33680992,5037039,25000000,13718031,2014,10-Dec-14
The Gambler,Par.,Documentary,38718031,33680992,5037039,25000000,13718031,2014,10-Dec-14
The Gambler,Par.,Drama,38718031,33680992,5037039,25000000,13718031,2014,10-Dec-14
The Gambler,Par.,"Drama,Thriller",38718031,33680992,5037039,25000000,13718031,2014,10-Dec-14
The Sitter,Fox,Comedy,38749404,30542576,8206828,25000000,13749404,2011,9-Dec-11
The Sitter,Fox,Horror,38749404,30542576,8206828,25000000,13749404,2011,9-Dec-11
Polisse,IFC,"Crime,Drama",22744132,176988,22567144,8900000,13844132,2012,18-May-12
Seventh Son,Uni.,"Action,Adventure,Fantasy",108874967,17725785,91149182,95000000,13874967,2015,6-Feb-15
Shame,FoxS,Drama,20412841,4002293,16410548,6500000,13912841,2011,2-Dec-11
Lockout,FD,"Action,Sci-Fi,Thriller",33943049,14326865,19616184,20000000,13943049,2012,13-Apr-12
Before I Fall,ORF,"Drama,Fantasy,Mystery",18945682,12241072,6704610,5000000,13945682,2017,3-Mar-17
The Eagle,Focus,"Action,Adventure,Drama",38993548,19490041,19503507,25000000,13993548,2011,11-Feb-11
The Eagle,Focus,Documentary,38993548,19490041,19503507,25000000,13993548,2011,11-Feb-11
Top Five,Par.,"Comedy,Romance",26001741,25317379,684362,12000000,14001741,2014,12-Dec-14
Don't Be Afraid of the Dark,FD,"Fantasy,Horror,Thriller",39126427,24046682,15079745,25000000,14126427,2011,26-Aug-11
Winter's Bone,RAtt.,"Drama,Mystery",16131551,6531503,9600048,2000000,14131551,2010,11-Jun-10
Million Dollar Arm,BV,"Biography,Drama,Sport",39217912,36447959,2769953,25000000,14217912,2014,16-May-14
Baggage Claim,FoxS,Comedy,22885836,21569509,1316327,8500000,14385836,2013,27-Sep-13
Silent House,ORF,"Drama,Horror,Mystery",16610760,12739737,3871023,2000000,14610760,2012,9-Mar-12
Sucker Punch,WB,"Action,Adventure,Fantasy",89758389,36392502,53365887,75000000,14758389,2011,25-Mar-11
Middle School: The Worst Years of My Life,LGF,"Comedy,Family",23311293,20007149,3304144,8500000,14811293,2016,7-Oct-16
The Best of Me,Rela.,"Drama,Romance",41059418,26766213,14293205,26000000,15059418,2014,17-Oct-14
When the Game Stands Tall,TriS,"Drama,Family,Sport",30138912,30127963,10949,15000000,15138912,2014,22-Aug-14
Hardcore Henry,STX,"Action,Adventure,Sci-Fi",17187434,9252038,7935396,2000000,15187434,2016,8-Apr-16
The Guard,SPC,"Comedy,Crime,Thriller",21197454,5359774,15837680,6000000,15197454,2011,29-Jul-11
The Odd Life of Timothy Green,BV,"Comedy,Drama,Family",55249159,51853450,3395709,40000000,15249159,2012,15-Aug-12
Logan Lucky,BST,"Comedy,Crime,Drama",44264271,27778642,16485629,29000000,15264271,2017,18-Aug-17
Fist Fight,WB (NL),Comedy,40286416,32187017,8099399,25000000,15286416,2017,17-Feb-17
Unfriended: Dark Web,BH Tilt,"Crime,Horror,Mystery",16434588,8866745,7567843,1000000,15434588,2018,20-Jul-18
Blue Valentine,Wein.,"Drama,Romance",16566240,9737892,6828348,1000000,15566240,2010,29-Dec-10
Snatched,Fox,"Action,Adventure,Comedy",57852177,45852178,11999999,42000000,15852177,2017,12-May-17
Snatched,Fox,Comedy,57852177,45852178,11999999,42000000,15852177,2017,12-May-17
Snatched,Fox,Drama,57852177,45852178,11999999,42000000,15852177,2017,12-May-17
Snatched,Fox,"Drama,Horror,Mystery",57852177,45852178,11999999,42000000,15852177,2017,12-May-17
The Big Wedding,LGF,"Comedy,Drama,Romance",48425971,21819348,26606623,32500000,15925971,2013,26-Apr-13
The Mortal Instruments: City of Bones,SGem,"Action,Fantasy,Horror",75965567,31165421,44800146,60000000,15965567,2013,21-Aug-13
A Very Harold & Kumar 3D Christmas,WB,"Adventure,Comedy",36265745,35061031,1204714,20000000,16265745,2011,4-Nov-11
Entourage,WB,Comedy,46438538,32363404,14075134,30000000,16438538,2015,3-Jun-15
Fruitvale Station,Wein.,"Biography,Drama,Romance",17549645,16098998,1450647,900000,16649645,2013,12-Jul-13
Burnt,Wein.,"Comedy,Drama",36773510,13651946,23121564,20000000,16773510,2015,30-Oct-15
Run All Night,WB,"Action,Drama,Thriller",66961644,26461644,40500000,50000000,16961644,2015,13-Mar-15
For Colored Girls,LGF,Drama,38017873,37729698,288175,21000000,17017873,2010,5-Nov-10
Margin Call,RAtt.,"Drama,Thriller",20433227,5353586,15079641,3400000,17033227,2011,21-Oct-11
Fifty Shades of Black,ORF,Comedy,22113075,11686940,10426135,5000000,17113075,2016,29-Jan-16
A Haunted House 2,ORF,"Comedy,Fantasy",21206861,17329487,3877374,4000000,17206861,2014,18-Apr-14
Big Eyes,Wein.,"Biography,Crime,Drama",27317872,14482031,12835841,10000000,17317872,2014,25-Dec-14
Big Eyes,Wein.,Documentary,27317872,14482031,12835841,10000000,17317872,2014,25-Dec-14
Legend,Uni.,"Action,Drama",42425450,1872994,40552456,25000000,17425450,2015,20-Nov-15
Legend,Uni.,"Biography,Crime,Drama",42425450,1872994,40552456,25000000,17425450,2015,20-Nov-15
Legend,Uni.,"Biography,Documentary",42425450,1872994,40552456,25000000,17425450,2015,20-Nov-15
Legend,Uni.,Horror,42425450,1872994,40552456,25000000,17425450,2015,20-Nov-15
The Nut Job 2: Nutty by Nature,ORF,"Adventure,Animation,Comedy",57438389,28370522,29067867,40000000,17438389,2017,11-Aug-17
Enough Said,FoxS,"Comedy,Drama,Romance",25621449,17550872,8070577,8000000,17621449,2013,18-Sep-13
Dinner for Schmucks,P/DW,Comedy,86796502,73026337,13770165,69000000,17796502,2010,30-Jul-10
Ender's Game,LG/S,"Action,Adventure,Fantasy",127983283,61737191,66246092,110000000,17983283,2013,1-Nov-13
On the Basis of Sex,Focus,"Biography,Drama",38073377,24622687,13450690,20000000,18073377,2018,25-Dec-18
The Last Stand,LGF,"Action,Thriller",48330757,12050299,36280458,30000000,18330757,2013,18-Jan-13
The Last Stand,LGF,Drama,48330757,12050299,36280458,30000000,18330757,2013,18-Jan-13
Evolution,IFC,"Drama,Mystery,Sci-Fi",98341932,38311134,60030798,80000000,18341932,2016,8-Jun-01
The Disaster Artist,A24,"Biography,Comedy,Drama",28717667,21120616,7597051,10000000,18717667,2017,1-Dec-17
The Spy Next Door,LGF,"Action,Comedy,Family",46752858,24307106,22445752,28000000,18752858,2010,15-Jan-10
Cop Out,WB,"Action,Comedy,Crime",55909910,44875481,11034429,37000000,18909910,2010,26-Feb-10
Hall Pass,WB (NL),"Comedy,Romance",87173475,45060734,42112741,68000000,19173475,2011,25-Feb-11
You Will Meet a Tall Dark Stranger,SPC,"Comedy,Drama,Romance",34247816,3247816,31000000,15000000,19247816,2010,22-Sep-10
Buried,LGF,Documentary,21270290,1044143,20226147,1987650,19282640,2010,24-Sep-10
Buried,LGF,"Drama,Mystery,Thriller",21270290,1044143,20226147,1987650,19282640,2010,24-Sep-10
Buried,LGF,Thriller,21270290,1044143,20226147,1987650,19282640,2010,24-Sep-10
Green Lantern,WB,"Action,Adventure,Sci-Fi",219535492,116601172,102934320,200000000,19535492,2011,17-Jun-11
Seven Psychopaths,CBS,"Comedy,Crime",33035736,15024049,18011687,13500000,19535736,2012,12-Oct-12
Monte Carlo,Fox,"Adventure,Comedy,Family",39686769,23186769,16500000,20000000,19686769,2011,1-Jul-11
Morning Glory,Par.,"Comedy,Drama,Romance",59795070,31011732,28783338,40000000,19795070,2010,10-Nov-10
The November Man,Rela.,"Action,Crime,Thriller",34820335,25018119,9802216,15000000,19820335,2014,27-Aug-14
Crimson Peak,Uni.,"Drama,Fantasy,Horror",74966854,31090320,43876534,55000000,19966854,2015,16-Oct-15
Suffragette,Focus,"Biography,Drama,History",34044909,4702420,29342489,14000000,20044909,2015,23-Oct-15
The Perks of Being a Wallflower,LG/S,Drama,33069303,17742948,15326355,13000000,20069303,2012,21-Sep-12
Winnie the Pooh,BV,"Adventure,Animation,Comedy",50145607,26692846,23452761,30000000,20145607,2011,15-Jul-11
Before Midnight,SPC,"Drama,Romance",23251930,8110621,15141309,3000000,20251930,2013,24-May-13
"Paul, Apostle of Christ",Affirm,"Adventure,Biography,Drama",25529498,17547999,7981499,5000000,20529498,2018,23-Mar-18
The Ghost Writer,Sum.,"Drama,Mystery,Thriller",65532491,15541549,49990942,45000000,20532491,2010,19-Feb-10
Killers,LGF,"Action,Comedy,Romance",95572749,47059963,48512786,75000000,20572749,2010,4-Jun-10
Killers,LGF,"Action,Crime,Drama",95572749,47059963,48512786,75000000,20572749,2010,4-Jun-10
Katy Perry: Part of Me,Par.,"Documentary,Music",32700439,25326071,7374368,12000000,20700439,2012,5-Jul-12
When the Bough Breaks,SGem,,30768449,29747603,1020846,10000000,20768449,2016,9-Sep-16
When the Bough Breaks,SGem,"Crime,Drama,Horror",30768449,29747603,1020846,10000000,20768449,2016,9-Sep-16
Our Idiot Brother,Wein.,"Comedy,Drama",25861249,24814830,1046419,5000000,20861249,2011,26-Aug-11
Project Almanac,Par.,"Drama,Mystery,Sci-Fi",32909437,22348241,10561196,12000000,20909437,2015,30-Jan-15
Beastly,CBS,"Drama,Fantasy,Romance",38028230,27865571,10162659,17000000,21028230,2011,4-Mar-11
A Most Wanted Man,RAtt.,"Crime,Drama,Thriller",36068890,17237855,18831035,15000000,21068890,2014,25-Jul-14
Movie 43,Rela.,Comedy,31164747,8840453,22324294,10000000,21164747,2013,25-Jan-13
It Follows,RTWC,"Horror,Mystery",23250755,14674077,8576678,2000000,21250755,2015,13-Mar-15
Hunt for the Wilderpeople,Orch.,"Adventure,Comedy,Drama",23845533,5205471,18640062,2500000,21345533,2016,24-Jun-16
The Last Exorcism Part II,CBS,"Drama,Horror,Thriller",25448707,15179303,10269404,4000000,21448707,2013,1-Mar-13
Beasts of the Southern Wild,FoxS,"Adventure,Drama,Fantasy",23265132,12795746,10469386,1800000,21465132,2012,27-Jun-12
Apollo 18,W/Dim.,"Horror,Mystery,Sci-Fi",26517819,17686929,8830890,5000000,21517819,2011,2-Sep-11
Mud,RAtt.,Drama,31556959,21590086,9966873,10000000,21556959,2013,26-Apr-13
Mary Queen of Scots,Focus,"Biography,Drama,History",46734733,16468499,30266234,25000000,21734733,2018,7-Dec-18
Dolphin Tale 2,WB,"Drama,Family",57824533,42024533,15800000,36000000,21824533,2014,12-Sep-14
Inside Llewyn Davis,CBS,"Drama,Music",32943247,13248209,19695038,11000000,21943247,2013,6-Dec-13
Anna Karenina,Focus,,71004627,12816367,58188260,49000000,22004627,2012,16-Nov-12
Anna Karenina,Focus,"Drama,Romance",71004627,12816367,58188260,49000000,22004627,2012,16-Nov-12
Eddie the Eagle,Fox,"Biography,Comedy,Drama",45060480,15789389,29271091,23000000,22060480,2016,26-Feb-16
Home Again,ORF,"Comedy,Drama,Romance",37336874,27020284,10316590,15000000,22336874,2017,8-Sep-17
Home Again,ORF,Drama,37336874,27020284,10316590,15000000,22336874,2017,8-Sep-17
Eye in the Sky,BST,"Drama,Thriller,War",35402802,18704596,16698206,13000000,22402802,2016,11-Mar-16
Kubo and the Two Strings,Focus,"Action,Adventure,Animation",77548122,48023088,29525034,55000000,22548122,2016,19-Aug-16
Edge of Darkness,WB,"Crime,Drama,Mystery",82812456,43313890,39498566,60000000,22812456,2010,29-Jan-10
Adrift,STX,"Action,Adventure,Biography",57897191,31445011,26452180,35000000,22897191,2018,1-Jun-18
Adrift,STX,Drama,57897191,31445011,26452180,35000000,22897191,2018,1-Jun-18
Adrift,STX,Romance,57897191,31445011,26452180,35000000,22897191,2018,1-Jun-18
Happy Feet Two,WB,"Adventure,Animation,Comedy",157956466,64006466,93950000,135000000,22956466,2011,18-Nov-11
Ricki and the Flash,TriS,"Comedy,Drama,Music",41166033,26839498,14326535,18000000,23166033,2015,7-Aug-15
Room,A24,"Drama,Thriller",36262783,14677674,21585109,13000000,23262783,2015,16-Oct-15
The Bye Bye Man,STX,"Drama,Fantasy,Horror",31187727,22395806,8791921,7400000,23787727,2017,13-Jan-17
Arbitrage,RAtt.,"Drama,Thriller",35830713,7919574,27911139,12000000,23830713,2012,14-Sep-12
The Change-Up,Uni.,"Comedy,Fantasy",75997067,37243418,38753649,52000000,23997067,2011,5-Aug-11
The Three Stooges,Fox,"Comedy,Family",54052249,44338224,9714025,30000000,24052249,2012,13-Apr-12
The Three Stooges,Fox,Documentary,54052249,44338224,9714025,30000000,24052249,2012,13-Apr-12
Priest,SGem,"Action,Adventure,Fantasy",84154026,29136626,55017400,60000000,24154026,2011,13-May-11
Dark Skies,W/Dim.,"Horror,Sci-Fi,Thriller",27704111,17418667,10285444,3500000,24204111,2013,22-Feb-13
Love the Coopers,LGF,"Comedy,Fantasy,Romance",42227490,26302731,15924759,18000000,24227490,2015,13-Nov-15
Killing Them Softly,Wein.,"Crime,Thriller",39238443,14945541,24292902,15000000,24238443,2012,30-Nov-12
My Week with Marilyn,Wein.,"Biography,Drama",34240572,14597405,19643167,10000000,24240572,2011,23-Nov-11
Muppets Most Wanted,BV,"Adventure,Comedy,Crime",79312301,51178893,28133408,55000000,24312301,2014,21-Mar-14
The Little Prince,EOne,Action,102028919,1311213,100717706,77500000,24528919,2016,12-Feb-16
The Little Prince,EOne,"Adventure,Animation,Drama",102028919,1311213,100717706,77500000,24528919,2016,12-Feb-16
The Little Prince,EOne,Documentary,102028919,1311213,100717706,77500000,24528919,2016,12-Feb-16
Jersey Boys,WB,"Biography,Drama,Music",65282732,47047013,18235719,40000000,25282732,2014,20-Jun-14
Ex Machina,A24,"Drama,Mystery,Sci-Fi",38358392,25440971,12917421,13000000,25358392,2015,10-Apr-15
Secretariat,BV,"Biography,Drama,Family",60376247,59699513,676734,35000000,25376247,2010,8-Oct-10
Jobs,ORF,"Biography,Drama",43402515,16131410,27271105,18000000,25402515,2013,16-Aug-13
Almost Christmas,Uni.,"Comedy,Drama",42493506,42065185,428321,17000000,25493506,2016,11-Nov-16
Hell or High Water,LGF,"Action,Crime,Drama",37584304,27007844,10576460,12000000,25584304,2016,12-Aug-16
August: Osage County,Wein.,"Comedy,Drama",50738810,37738810,13000000,25000000,25738810,2013,25-Dec-13
You're Next,LGF,"Action,Comedy,Horror",26887177,18494006,8393171,1000000,25887177,2013,23-Aug-13
The 15:17 to Paris,WB,"Biography,Drama,Thriller",56096200,36276286,19819914,30000000,26096200,2018,9-Feb-18
The Judge,WB,"Crime,Drama",76119388,47119388,29000000,50000000,26119388,2014,10-Oct-14
The Judge,WB,Documentary,76119388,47119388,29000000,50000000,26119388,2014,10-Oct-14
Spring Breakers,A24,"Comedy,Crime,Drama",31149251,14124286,17024965,5000000,26149251,2013,15-Mar-13
Risen,Sony,"Action,Adventure,Drama",46255763,36880033,9375730,20000000,26255763,2016,19-Feb-16
Risen,Sony,"Biography,Drama",46255763,36880033,9375730,20000000,26255763,2016,19-Feb-16
The Walk,TriS,"Adventure,Biography,Drama",61492104,10161183,51330921,35000000,26492104,2015,30-Sep-15
The Walk,TriS,"Crime,Thriller",61492104,10161183,51330921,35000000,26492104,2015,30-Sep-15
The Debt,Focus,"Drama,Mystery,Thriller",46604054,31177548,15426506,20000000,26604054,2011,31-Aug-11
The Debt,Focus,"Drama,Thriller",46604054,31177548,15426506,20000000,26604054,2011,31-Aug-11
The Tree of Life,FoxS,Documentary,61721826,13305665,48416161,35000000,26721826,2011,27-May-11
The Tree of Life,FoxS,"Drama,Fantasy",61721826,13305665,48416161,35000000,26721826,2011,27-May-11
Peppermint,STX,"Action,Crime,Drama",51800758,35418723,16382035,25000000,26800758,2018,7-Sep-18
Rough Night,Sony,"Comedy,Crime,Thriller",46844357,22105643,24738714,20000000,26844357,2017,16-Jun-17
Florence Foster Jenkins,Par.,"Biography,Comedy,Drama",56000339,27383770,28616569,29000000,27000339,2016,12-Aug-16
Amour,SPC,"Drama,Romance",36787044,6738954,30048090,9700000,27087044,2012,19-Dec-12
The Night Before,Sony,"Adventure,Comedy,Fantasy",52427346,43035725,9391621,25000000,27427346,2015,20-Nov-15
The Night Before,Sony,Documentary,52427346,43035725,9391621,25000000,27427346,2015,20-Nov-15
The Night Before,Sony,Horror,52427346,43035725,9391621,25000000,27427346,2015,20-Nov-15
The World's End,Focus,"Action,Comedy,Sci-Fi",47508505,26004851,21503654,20000000,27508505,2013,23-Aug-13
Jackie,FoxS,Action,36588512,13960394,22628118,9000000,27588512,2016,2-Dec-16
Jackie,FoxS,"Biography,Drama,History",36588512,13960394,22628118,9000000,27588512,2016,2-Dec-16
Jackie,FoxS,"Comedy,Drama",36588512,13960394,22628118,9000000,27588512,2016,2-Dec-16
Jackie,FoxS,"Comedy,Drama,Romance",36588512,13960394,22628118,9000000,27588512,2016,2-Dec-16
Texas Chainsaw 3D,LGF,"Horror,Thriller",47666013,34341945,13324068,20000000,27666013,2013,4-Jan-13
Cats & Dogs: The Revenge of Kitty Galore,WB,"Action,Comedy,Family",113026383,43585753,69440630,85000000,28026383,2010,30-Jul-10
The Darkest Hour,Sum.,"Action,Adventure,Horror",62831715,21443494,41388221,34800000,28031715,2011,25-Dec-11
The Darkest Hour,Sum.,"Documentary,News",62831715,21443494,41388221,34800000,28031715,2011,25-Dec-11
Lawless,Wein.,"Action,Adventure,Documentary",54393687,37397291,16996396,26000000,28393687,2012,29-Aug-12
Lawless,Wein.,"Crime,Drama",54393687,37397291,16996396,26000000,28393687,2012,29-Aug-12
Pompeii,TriS,"Action,Adventure,Drama",108469033,23169033,85300000,80000000,28469033,2014,21-Feb-14
Uncle Drew,LG/S,"Comedy,Sport",46527161,42469946,4057215,18000000,28527161,2018,29-Jun-18
Sherlock Gnomes,Par.,"Adventure,Animation,Comedy",87527651,43242871,44284780,59000000,28527651,2018,23-Mar-18
Cloud Atlas,WB,"Action,Drama,Mystery",130673154,27108272,103564882,102000000,28673154,2012,26-Oct-12
She's Out of My League,Par.,"Comedy,Romance",48680977,32010860,16670117,20000000,28680977,2010,12-Mar-10
"McFarland, USA",BV,"Biography,Drama,Sport",45707924,44480275,1227649,17000000,28707924,2015,20-Feb-15
Blair Witch,LGF,"Horror,Mystery,Thriller",38985577,20777061,18208516,10000000,28985577,2016,16-Sep-16
A Walk in the Woods,BG,"Adventure,Biography,Comedy",37119358,29499394,7619964,8000000,29119358,2015,2-Sep-15
Devil's Due,Fox,"Horror,Mystery,Thriller",36146087,15821461,20324626,7000000,29146087,2014,17-Jan-14
Soul Surfer,TriS,"Biography,Drama,Family",47158652,43853424,3305228,18000000,29158652,2011,8-Apr-11
Earth to Echo,Rela.,"Adventure,Family,Sci-Fi",42174545,38934842,3239703,13000000,29174545,2014,2-Jul-14
Homefront,ORF,"Action,Thriller",51695362,20158492,31536870,22000000,29695362,2013,27-Nov-13
Homefront,ORF,Drama,51695362,20158492,31536870,22000000,29695362,2013,27-Nov-13
The Longest Ride,Fox,"Drama,Romance",63802928,37446117,26356811,34000000,29802928,2015,10-Apr-15
Grudge Match,WB,"Comedy,Drama,Sport",69807260,29807260,40000000,40000000,29807260,2013,25-Dec-13
Kevin Hart: Let Me Explain,LG/S,"Comedy,Documentary",32327255,32244051,83204,2500000,29827255,2013,3-Jul-13
Gifted,FoxS,"Crime,Drama,Thriller",36964656,24801212,12163444,7000000,29964656,2017,7-Apr-17
Gifted,FoxS,Documentary,36964656,24801212,12163444,7000000,29964656,2017,7-Apr-17
Gifted,FoxS,Drama,36964656,24801212,12163444,7000000,29964656,2017,7-Apr-17
Hot Tub Time Machine,MGM,"Comedy,Sci-Fi",65967750,50269859,15697891,36000000,29967750,2010,26-Mar-10
Something Borrowed,WB,"Comedy,Drama,Romance",65084116,39046489,26037627,35000000,30084116,2011,6-May-11
A Wrinkle in Time,BV,"Adventure,Family,Fantasy",133401882,100478608,32923274,103000000,30401882,2018,9-Mar-18
Runner Runner,Fox,"Crime,Thriller",60512680,19316646,41196034,30000000,30512680,2013,4-Oct-13
The Forest,Focus,"Documentary,History",40749230,26594261,14154969,10000000,30749230,2016,8-Jan-16
The Forest,Focus,"Drama,Fantasy,Horror",40749230,26594261,14154969,10000000,30749230,2016,8-Jan-16
The Forest,Focus,"Horror,Mystery,Thriller",40749230,26594261,14154969,10000000,30749230,2016,8-Jan-16
The Forest,Focus,"Horror,Thriller",40749230,26594261,14154969,10000000,30749230,2016,8-Jan-16
The Switch,Mira.,"Comedy,Drama,Romance",49858465,27758465,22100000,19000000,30858465,2010,20-Aug-10
Carol,Wein.,"Drama,Romance",42843521,12711491,30132030,11800000,31043521,2015,20-Nov-15
Jumping the Broom,TriS,"Comedy,Drama",38158601,37295394,863207,7000000,31158601,2011,6-May-11
Here Comes the Boom,Sony,"Action,Comedy,Sport",73239258,45290318,27948940,42000000,31239258,2012,12-Oct-12
Mile 22,STX,"Action,Adventure,Thriller",66295121,36108758,30186363,35000000,31295121,2018,17-Aug-18
Larry Crowne,Uni.,"Comedy,Drama,Romance",61449135,35608245,25840890,30000000,31449135,2011,1-Jul-11
The Five-Year Engagement,Uni.,"Comedy,Romance",61623819,28700285,32923534,30000000,31623819,2012,27-Apr-12
The Place Beyond the Pines,Focus,"Crime,Drama,Thriller",47011449,21403519,25607930,15000000,32011449,2013,29-Mar-13
The Kids Are All Right,Focus,"Comedy,Drama,Romance",36275469,20811365,15464104,4000000,32275469,2010,9-Jul-10
Colombiana,TriS,"Action,Drama,Thriller",72295262,36665854,35629408,40000000,32295262,2011,26-Aug-11
Courageous,TriS,Drama,35185884,34522221,663663,2000000,33185884,2011,30-Sep-11
50/50,Sum.,"Comedy,Drama,Romance",41334735,35016118,6318617,8000000,33334735,2011,30-Sep-11
50/50,Sum.,Documentary,41334735,35016118,6318617,8000000,33334735,2011,30-Sep-11
The Lazarus Effect,Rela.,"Horror,Mystery,Sci-Fi",38359310,25801570,12557740,5000000,33359310,2015,27-Feb-15
Escape Plan,LG/S,"Action,Crime,Mystery",103735965,25135965,78600000,70000000,33735965,2013,18-Oct-13
The Mechanic,CBS,"Action,Crime,Thriller",76347393,29121498,47225895,42500000,33847393,2011,28-Jan-11
Widows,Fox,Comedy,73866088,42402632,31463456,40000000,33866088,2018,16-Nov-18
Widows,Fox,"Comedy,Drama",73866088,42402632,31463456,40000000,33866088,2018,16-Nov-18
Widows,Fox,"Crime,Drama,Thriller",73866088,42402632,31463456,40000000,33866088,2018,16-Nov-18
Machete,Fox,"Action,Crime,Thriller",46370970,26593646,19777324,12500000,33870970,2010,3-Sep-10
A Walk Among the Tombstones,Uni.,"Action,Crime,Drama",62108587,26017685,36090902,28000000,34108587,2014,19-Sep-14
Barbershop: The Next Cut,WB (NL),"Comedy,Drama",54404202,54030051,374151,20000000,34404202,2016,15-Apr-16
Valerian and the City of a Thousand Planets,STX,"Action,Adventure,Fantasy",215098356,40479370,174618986,180000000,35098356,2017,21-Jul-17
Kick-Ass 2,Uni.,"Action,Comedy,Crime",63129909,28795985,34333924,28000000,35129909,2013,16-Aug-13
Hanna,Focus,"Action,Drama,Thriller",65343694,40259119,25084575,30000000,35343694,2011,8-Apr-11
Burlesque,SGem,Drama,90552675,39440655,51112020,55000000,35552675,2010,24-Nov-10
Burlesque,SGem,"Drama,Music,Musical",90552675,39440655,51112020,55000000,35552675,2010,24-Nov-10
Whiplash,SPC,"Drama,Music",38969037,13092006,25877031,3300000,35669037,2014,10-Oct-14
The Internship,Fox,Comedy,93672764,44672764,49000000,58000000,35672764,2013,7-Jun-13
Life of the Party,WB (NL),Comedy,65759911,53059911,12700000,30000000,35759911,2018,11-May-18
Life of the Party,WB (NL),"Comedy,Drama",65759911,53059911,12700000,30000000,35759911,2018,11-May-18
Life of the Party,WB (NL),Drama,65759911,53059911,12700000,30000000,35759911,2018,11-May-18
Don Jon,Rela.,"Comedy,Drama,Romance",41268579,24477704,16790875,5500000,35768579,2013,27-Sep-13
12 Strong,WB,"Action,Drama,History",71118378,45819713,25298665,35000000,36118378,2018,19-Jan-18
War Dogs,WB,"Comedy,Crime,Drama",86234503,43034523,43199980,50000000,36234503,2016,19-Aug-16
The Lady in the Van,SPC,"Biography,Comedy,Drama",42320503,10021175,32299328,6000000,36320503,2015,15-Jan-16
The Roommate,SGem,"Drama,Thriller",52545707,37300107,15245600,16000000,36545707,2011,4-Feb-11
Tomorrowland,BV,"Action,Adventure,Family",206627518,93436322,113191196,170000000,36627518,2015,22-May-15
Tomorrowland,BV,Documentary,206627518,93436322,113191196,170000000,36627518,2015,22-May-15
Still Alice,SPC,Drama,41699612,18656400,23043212,5000000,36699612,2015,16-Jan-15
The Possession of Hannah Grace,SGem,"Horror,Mystery,Thriller",42785387,14836174,27949213,6000000,36785387,2018,30-Nov-18
The Witch,A24,Horror,40454520,25138705,15315815,3500000,36954520,2016,19-Feb-16
The Witch,A24,"Horror,Mystery",40454520,25138705,15315815,3500000,36954520,2016,19-Feb-16
The Next Three Days,LGF,"Action,Crime,Drama",67255916,21148651,46107265,30000000,37255916,2010,19-Nov-10
The Nutcracker and the Four Realms,BV,"Adventure,Family,Fantasy",170293899,54858851,115435048,132900000,37393899,2018,2-Nov-18
The Crazies,Over.,"Horror,Thriller",56445534,39123589,17321945,19000000,37445534,2010,26-Feb-10
No Escape,Wein.,"Action,Thriller",42844516,27288872,15555644,5000000,37844516,2015,26-Aug-15
No Escape,Wein.,"Documentary,Music",42844516,27288872,15555644,5000000,37844516,2015,26-Aug-15
Takers,SGem,"Action,Crime,Thriller",70587268,57744720,12842548,32000000,38587268,2010,27-Aug-10
The Age of Adaline,LGF,"Drama,Fantasy,Romance",68984536,42629776,26354760,30000000,38984536,2015,24-Apr-15
Oculus,Rela.,"Horror,Mystery",44115496,27695246,16420250,5000000,39115496,2014,11-Apr-14
Legend of the Guardians: The Owls of Ga'Hoole,WB,"Action,Adventure,Animation",139716717,55675313,84041404,100000000,39716717,2010,24-Sep-10
Marmaduke,Fox,"Comedy,Family",89895930,33644788,56251142,50000000,39895930,2010,4-Jun-10
Fences,Par.,Drama,64282881,57682904,6599977,24000000,40282881,2016,16-Dec-16
Fences,Par.,"Drama,Family",64282881,57682904,6599977,24000000,40282881,2016,16-Dec-16
Remember Me,Sum.,Comedy,56506120,19068240,37437880,16000000,40506120,2010,12-Mar-10
Remember Me,Sum.,"Comedy,Drama,Romance",56506120,19068240,37437880,16000000,40506120,2010,12-Mar-10
Remember Me,Sum.,"Drama,Romance",56506120,19068240,37437880,16000000,40506120,2010,12-Mar-10
Remember Me,Sum.,Thriller,56506120,19068240,37437880,16000000,40506120,2010,12-Mar-10
The Cabin in the Woods,LGF,Horror,70689968,42073277,28616691,30000000,40689968,2012,13-Apr-12
Winchester,LGF,"Biography,Drama,Fantasy",44378040,25091816,19286224,3500000,40878040,2018,2-Feb-18
Sicario: Day of the Soldado,Sony,"Action,Crime,Drama",75885196,50065850,25819346,35000000,40885196,2018,29-Jun-18
Joy,Fox,,101134059,56451232,44682827,60000000,41134059,2015,25-Dec-15
Joy,Fox,Documentary,101134059,56451232,44682827,60000000,41134059,2015,25-Dec-15
Joy,Fox,Drama,101134059,56451232,44682827,60000000,41134059,2015,25-Dec-15
Chernobyl Diaries,WB,"Horror,Mystery,Thriller",42411721,18119640,24292081,1000000,41411721,2012,25-May-12
The Giver,Wein.,"Drama,Romance,Sci-Fi",66540205,45090374,21449831,25000000,41540205,2014,15-Aug-14
The Gallows,WB (NL),"Horror,Mystery,Thriller",41656474,22764410,18892064,100000,41556474,2015,10-Jul-15
Slender Man,SGem,"Adventure,Comedy,Horror",51723644,30564825,21158819,10000000,41723644,2018,10-Aug-18
Slender Man,SGem,"Horror,Mystery,Thriller",51723644,30564825,21158819,10000000,41723644,2018,10-Aug-18
Nightcrawler,ORF,"Crime,Drama,Thriller",50334418,32381218,17953200,8500000,41834418,2014,31-Oct-14
St. Vincent,Wein.,"Comedy,Drama",54837234,44137712,10699522,13000000,41837234,2014,10-Oct-14
Frankenweenie,BV,"Animation,Comedy,Family",81150788,35287788,45863000,39000000,42150788,2012,5-Oct-12
"Hail, Caesar!",Uni.,"Comedy,Drama,Music",64160680,30080225,34080455,22000000,42160680,2016,5-Feb-16
127 Hours,FoxS,"Adventure,Biography,Drama",60217171,18335230,41881941,18000000,42217171,2010,5-Nov-10
The Perfect Guy,SGem,"Crime,Drama,Horror",60278166,57027435,3250731,18000000,42278166,2015,11-Sep-15
Yeh Jawaani Hai Deewani,Eros,"Comedy,Drama,Musical",50827466,3827466,47000000,8300000,42527466,2013,31-May-13
End of Watch,ORF,"Action,Crime,Drama",57586606,41003371,16583235,15000000,42586606,2012,21-Sep-12
The Star,Sony,"Adventure,Animation,Comedy",62758010,40847995,21910015,20000000,42758010,2017,17-Nov-17
"I, Tonya",Neon,"Biography,Comedy,Drama",53797409,30014534,23782875,11000000,42797409,2017,8-Dec-17
Mike and Dave Need Wedding Dates,Fox,"Adventure,Comedy,Romance",75898100,46009673,29888427,33000000,42898100,2016,8-Jul-16
Snitch,LG/S,"Action,Drama,Thriller",57907734,42930462,14977272,15000000,42907734,2013,22-Feb-13
Gangster Squad,WB,"Action,Crime,Drama",104100903,46000903,58100000,60000000,44100903,2013,11-Jan-13
Sinister 2,Focus,"Horror,Mystery,Thriller",54104225,27740955,26363270,10000000,44104225,2015,21-Aug-15
One Day,Focus,Drama,59168692,13843771,45324921,15000000,44168692,2011,19-Aug-11
One Day,Focus,"Drama,Fantasy",59168692,13843771,45324921,15000000,44168692,2011,19-Aug-11
One Day,Focus,"Drama,Romance",59168692,13843771,45324921,15000000,44168692,2011,19-Aug-11
One Day,Focus,"Drama,Romance,Sci-Fi",59168692,13843771,45324921,15000000,44168692,2011,19-Aug-11
One Day,Focus,Family,59168692,13843771,45324921,15000000,44168692,2011,19-Aug-11
That Awkward Moment,Focus,"Comedy,Romance",53068955,26068955,27000000,8000000,45068955,2014,31-Jan-14
Quartet,Wein.,"Comedy,Drama",56178935,18388357,37790578,11000000,45178935,2013,11-Jan-13
First Man,Uni.,"Biography,Drama,History",105203825,44936545,60267280,60000000,45203825,2018,12-Oct-18
First Man,Uni.,Documentary,105203825,44936545,60267280,60000000,45203825,2018,12-Oct-18
Brick Mansions,Rela.,"Action,Crime",73421224,20396829,53024395,28000000,45421224,2014,25-Apr-14
Black Mass,WB,"Biography,Crime,Drama",98837872,62575678,36262194,53000000,45837872,2015,18-Sep-15
The Counselor,Fox,"Crime,Drama,Thriller",71009334,16973715,54035619,25000000,46009334,2013,25-Oct-13
Think Like a Man Too,SGem,"Comedy,Romance",70027933,65028687,4999246,24000000,46027933,2014,20-Jun-14
Underworld: Blood Wars,SGem,"Action,Adventure,Fantasy",81209222,30353973,50855249,35000000,46209222,2017,6-Jan-17
John Wick,LG/S,"Action,Crime,Thriller",76235001,43037835,33197166,30000000,46235001,2014,24-Oct-14
Office Christmas Party,Par.,Comedy,91323299,54767494,36555805,45000000,46323299,2016,9-Dec-16
Selma,Par.,"Biography,Drama,History",66776576,52076908,14699668,20000000,46776576,2014,9-Jan-15
Krampus,Uni.,"Comedy,Fantasy,Horror",61788393,42725475,19062918,15000000,46788393,2015,4-Dec-15
The Lincoln Lawyer,LGF,"Crime,Drama,Thriller",87145086,58009200,29135886,40000000,47145086,2011,18-Mar-11
Hitman: Agent 47,Fox,"Action,Adventure,Crime",82182803,22467450,59715353,35000000,47182803,2015,21-Aug-15
Woman in Gold,Wein.,"Biography,Drama,History",58586407,33307793,25278614,11000000,47586407,2015,1-Apr-15
Second Act,STX,"Comedy,Drama,Romance",63288854,39282227,24006627,15700000,47588854,2018,21-Dec-18
The Transporter Refueled,EC,"Action,Adventure,Crime",69698495,16029670,53668825,22000000,47698495,2015,4-Sep-15
Fantastic Four,Fox,"Action,Adventure,Drama",167849187,56117548,111731639,120000000,47849187,2015,7-Aug-15
The American,Focus,"Crime,Drama,Thriller",67950723,35606376,32344347,20000000,47950723,2010,1-Sep-10
Snowpiercer,RTWC,"Action,Drama,Sci-Fi",88069880,4563029,83506851,40000000,48069880,2014,27-Jun-14
ParaNorman,Focus,"Adventure,Animation,Comedy",108119662,56003051,52116611,60000000,48119662,2012,17-Aug-12
Delivery Man,BV,"Comedy,Drama",70536870,30659817,39877053,22000000,48536870,2013,22-Nov-13
Alpha,Studio 8,"Adventure,Drama,Family",99624873,35851379,63773494,51000000,48624873,2018,17-Aug-18
Alpha,Studio 8,Crime,99624873,35851379,63773494,51000000,48624873,2018,17-Aug-18
Alpha,Studio 8,"Crime,Drama,Fantasy",99624873,35851379,63773494,51000000,48624873,2018,17-Aug-18
Alpha,Studio 8,"Drama,Horror,Mystery",99624873,35851379,63773494,51000000,48624873,2018,17-Aug-18
Son of God,Fox,"Biography,Drama,History",70949793,59700064,11249729,22000000,48949793,2014,28-Feb-14
Son of God,Fox,Documentary,70949793,59700064,11249729,22000000,48949793,2014,28-Feb-14
The Big Sick,LGF,"Comedy,Drama,Romance",53972860,42872467,11100393,5000000,48972860,2017,23-Jun-17
Tag,WB (NL),"Action,Comedy",77026186,54730625,22295561,28000000,49026186,2018,15-Jun-18
Tag,WB (NL),"Action,Fantasy,Horror",77026186,54730625,22295561,28000000,49026186,2018,15-Jun-18
Tag,WB (NL),"Adventure,Documentary",77026186,54730625,22295561,28000000,49026186,2018,15-Jun-18
Tag,WB (NL),Animation,77026186,54730625,22295561,28000000,49026186,2018,15-Jun-18
Tag,WB (NL),Comedy,77026186,54730625,22295561,28000000,49026186,2018,15-Jun-18
Tag,WB (NL),Drama,77026186,54730625,22295561,28000000,49026186,2018,15-Jun-18
Collateral Beauty,WB (NL),"Drama,Romance",85309093,31016021,54293072,36000000,49309093,2016,16-Dec-16
The Boy Next Door,Uni.,"Horror,Thriller",53401938,36006065,17395873,4000000,49401938,2015,23-Jan-15
J. Edgar,WB,"Biography,Crime,Drama",84606030,37306030,47300000,35000000,49606030,2011,9-Nov-11
The Boss,Uni.,Comedy,78652207,63077560,15574647,29000000,49652207,2016,8-Apr-16
Red Riding Hood,WB,"Fantasy,Horror,Mystery",91678442,37662162,54016280,42000000,49678442,2011,11-Mar-11
Den of Thieves,STX,"Action,Crime,Drama",80131391,44947622,35183769,30000000,50131391,2018,19-Jan-18
"Big Mommas: Like Father, Like Son",Fox,"Action,Comedy,Crime",82332450,37915414,44417036,32000000,50332450,2011,18-Feb-11
Nerve,LGF,"Action,Adventure,Crime",70652284,38583626,32068658,20000000,50652284,2016,27-Jul-16
Nerve,LGF,"Comedy,Drama",70652284,38583626,32068658,20000000,50652284,2016,27-Jul-16
Nerve,LGF,"Documentary,History",70652284,38583626,32068658,20000000,50652284,2016,27-Jul-16
Nerve,LGF,"Drama,Mystery,Thriller",70652284,38583626,32068658,20000000,50652284,2016,27-Jul-16
The Last Witch Hunter,LG/S,"Action,Adventure,Fantasy",130818912,27367660,103451252,80000000,50818912,2015,23-Oct-15
What to Expect When You're Expecting,LGF,"Comedy,Drama,Romance",88473016,41152203,47320813,37500000,50973016,2012,18-May-12
Brooklyn,FoxS,"Drama,Music,Musical",62076141,38322743,23753398,11000000,51076141,2015,4-Nov-15
Brooklyn,FoxS,"Drama,Romance",62076141,38322743,23753398,11000000,51076141,2015,4-Nov-15
Season of the Witch,Rela.,"Action,Adventure,Fantasy",91126600,24827228,66299372,40000000,51126600,2011,7-Jan-11
Get Him to the Greek,Uni.,"Adventure,Comedy,Music",91455875,61153526,30302349,40000000,51455875,2010,4-Jun-10
"Everything, Everything",WB,"Drama,Romance",61603136,34121140,27481996,10000000,51603136,2017,19-May-17
Abduction,LGF,"Action,Comedy,Drama",86648359,28087155,58561204,35000000,51648359,2011,23-Sep-11
Abduction,LGF,"Action,Mystery,Thriller",86648359,28087155,58561204,35000000,51648359,2011,23-Sep-11
Abduction,LGF,"Action,Sci-Fi",86648359,28087155,58561204,35000000,51648359,2011,23-Sep-11
Abduction,LGF,Drama,86648359,28087155,58561204,35000000,51648359,2011,23-Sep-11
Abduction,LGF,"Horror,Thriller",86648359,28087155,58561204,35000000,51648359,2011,23-Sep-11
The Boxtrolls,Focus,"Adventure,Animation,Comedy",111946251,50837305,61108946,60000000,51946251,2014,26-Sep-14
Letters to Juliet,Sum.,"Adventure,Comedy,Drama",82148538,53032453,29116085,30000000,52148538,2010,14-May-10
To Rome with Love,SPC,"Comedy,Music,Romance",74326015,16684352,57641663,21500000,52826015,2012,22-Jun-12
Moonrise Kingdom,Focus,"Adventure,Comedy,Drama",68848446,45512466,23335980,16000000,52848446,2012,25-May-12
Boyhood,IFC,Drama,57273049,25379975,31893074,4000000,53273049,2014,11-Jul-14
Devil,Uni.,Drama,63354114,33679655,29674459,10000000,53354114,2010,17-Sep-10
Devil,Uni.,"Horror,Mystery,Thriller",63354114,33679655,29674459,10000000,53354114,2010,17-Sep-10
The Dark Tower,Sony,"Action,Adventure,Fantasy",113461527,50701325,62760202,60000000,53461527,2017,4-Aug-17
Sicario,LGF,"Action,Crime,Drama",84393749,46889293,37504456,30000000,54393749,2015,18-Sep-15
The Ides of March,Sony,"Drama,Thriller",77735925,40962534,36773391,23000000,54735925,2011,7-Oct-11
Diary of a Wimpy Kid: Dog Days,Fox,"Comedy,Family",77229695,49008662,28221033,22000000,55229695,2012,3-Aug-12
Free Birds,Rela.,"Adventure,Animation,Comedy",110387072,55750480,54636592,55000000,55387072,2013,1-Nov-13
White House Down,Sony,"Action,Drama,Thriller",205440387,73103784,132336603,150000000,55440387,2013,28-Jun-13
"Love, Simon",Fox,"Comedy,Drama,Romance",65520633,40826341,24694292,10000000,55520633,2018,16-Mar-18
Dallas Buyers Club,Focus,"Biography,Drama",60611845,27298285,33313560,5000000,55611845,2013,1-Nov-13
Diary of a Wimpy Kid: Rodrick Rules,Fox,"Comedy,Family",73695194,52698535,20996659,18000000,55695194,2011,25-Mar-11
The Best Man Holiday,Uni.,"Comedy,Drama",72835710,70525195,2310515,17000000,55835710,2013,15-Nov-13
Scream 4,W/Dim.,"Horror,Mystery",95989590,38180928,57808662,40000000,55989590,2011,15-Apr-11
Chappie,Sony,"Action,Crime,Drama",105002056,31569268,73432788,49000000,56002056,2015,6-Mar-15
The Grey,ORF,"Action,Adventure,Drama",81249176,51580136,29669040,25000000,56249176,2012,27-Jan-12
Riddick,Uni.,"Action,Adventure,Sci-Fi",94763758,42025135,52738623,38000000,56763758,2013,6-Sep-13
The Call,TriS,"Crime,Drama,Horror",69821476,51872378,17949098,12800000,57021476,2013,15-Mar-13
The Call,TriS,Documentary,69821476,51872378,17949098,12800000,57021476,2013,15-Mar-13
The Call,TriS,Drama,69821476,51872378,17949098,12800000,57021476,2013,15-Mar-13
The Call,TriS,Thriller,69821476,51872378,17949098,12800000,57021476,2013,15-Mar-13
The Book Thief,Fox,"Drama,War",76086711,21488481,54598230,19000000,57086711,2013,8-Nov-13
The Wedding Ringer,SGem,Comedy,80171596,64460211,15711385,23000000,57171596,2015,16-Jan-15
A Haunted House,ORF,"Comedy,Fantasy",59922558,40041683,19880875,2500000,57422558,2013,11-Jan-13
Rings,Par.,"Drama,Horror,Mystery",82917283,27793018,55124265,25000000,57917283,2017,3-Feb-17
The Sorcerer's Apprentice,BV,"Action,Adventure,Family",217986320,63150991,154835329,160000000,57986320,2010,14-Jul-10
Skyline,Uni.,"Action,Sci-Fi,Thriller",68264973,21416355,46848618,10000000,58264973,2010,12-Nov-10
Goosebumps 2: Haunted Halloween,Sony,"Adventure,Comedy,Family",93291478,46697321,46594157,35000000,58291478,2018,12-Oct-18
Hereafter,WB,"Drama,Fantasy,Romance",108660270,32746941,75913329,50000000,58660270,2010,15-Oct-10
Dolphin Tale,WB,"Drama,Family",96068724,72286779,23781945,37000000,59068724,2011,23-Sep-11
I Feel Pretty,STX,"Comedy,Romance",91553797,48795601,42758196,32000000,59553797,2018,20-Apr-18
The BFG,BV,"Adventure,Family,Fantasy",199646680,55483770,144162910,140000000,59646680,2016,1-Jul-16
Piranha 3D,W/Dim.,"Comedy,Horror",83660160,25003155,58657005,24000000,59660160,2010,20-Aug-10
Hereditary,A24,"Drama,Horror,Mystery",70133905,44069456,26064449,10000000,60133905,2018,8-Jun-18
The Rite,WB (NL),"Drama,Horror,Mystery",97143987,33047633,64096354,37000000,60143987,2011,28-Jan-11
Miracles from Heaven,TriS,"Biography,Drama,Family",73798736,61705123,12093613,13000000,60798736,2016,16-Mar-16
Begin Again,Wein.,"Comedy,Drama,Music",68838736,16170632,52668104,8000000,60838736,2014,27-Jun-14
Begin Again,Wein.,"Drama,Family",68838736,16170632,52668104,8000000,60838736,2014,27-Jun-14
Paul,Uni.,"Adventure,Comedy,Sci-Fi",101162106,37412945,63749161,40000000,61162106,2011,18-Mar-11
Paul,Uni.,Drama,101162106,37412945,63749161,40000000,61162106,2011,18-Mar-11
Moneyball,Sony,"Biography,Drama,Sport",111300835,75605492,35695343,50000000,61300835,2011,23-Sep-11
Vampires Suck,Fox,Comedy,81424988,36661504,44763484,20000000,61424988,2010,18-Aug-10
Diary of a Wimpy Kid,Fox,"Comedy,Drama,Family",76954311,64003625,12950686,15000000,61954311,2010,19-Mar-10
The Commuter,LGF,"Action,Mystery,Thriller",101985431,36343858,65641573,40000000,61985431,2018,12-Jan-18
Sultan,Yash,"Action,Drama,Sport",72989781,5599781,67390000,11000000,61989781,2016,6-Jul-16
Sultan,Yash,"Drama,Romance",72989781,5599781,67390000,11000000,61989781,2016,6-Jul-16
Unfriended,Uni.,"Horror,Mystery,Thriller",64364198,32789645,31574553,1000000,63364198,2015,17-Apr-15
Southpaw,Wein.,"Drama,Sport",94156456,52421953,41734503,30000000,64156456,2015,24-Jul-15
Tooth Fairy,Fox,"Comedy,Family,Fantasy",112610386,60022256,52588130,48000000,64610386,2010,22-Jan-10
Tooth Fairy,Fox,Horror,112610386,60022256,52588130,48000000,64610386,2010,22-Jan-10
Arthur Christmas,Sony,"Adventure,Animation,Comedy",149717124,46462469,103254655,85000000,64717124,2011,23-Nov-11
Tower Heist,Uni.,"Action,Comedy,Crime",150422946,78046570,72376376,85000000,65422946,2011,4-Nov-11
Horrible Bosses 2,WB,"Comedy,Crime",105945357,54445357,51500000,40000000,65945357,2014,26-Nov-14
Safe Haven,Rela.,"Drama,Romance,Thriller",94050951,71399120,22651831,28000000,66050951,2013,14-Feb-13
Safe Haven,Rela.,Horror,94050951,71399120,22651831,28000000,66050951,2013,14-Feb-13
Money Monster,TriS,"Crime,Drama,Thriller",93466095,41012075,52454020,27000000,66466095,2016,13-May-16
Get Hard,WB,Comedy,106511453,90411453,16100000,40000000,66511453,2015,27-Mar-15
Get Hard,WB,"Comedy,Crime",106511453,90411453,16100000,40000000,66511453,2015,27-Mar-15
The A-Team,Fox,"Action,Adventure,Thriller",177241171,77222099,100019072,110000000,67241171,2010,11-Jun-10
If I Stay,WB (NL),"Drama,Fantasy,Music",78356170,50474843,27881327,11000000,67356170,2014,22-Aug-14
Prisoners,WB,"Crime,Drama,Mystery",113402302,61002302,52400000,46000000,67402302,2013,20-Sep-13
Life as We Know It,WB,Comedy,105887837,53374681,52513156,38000000,67887837,2010,8-Oct-10
Life as We Know It,WB,"Comedy,Drama,Romance",105887837,53374681,52513156,38000000,67887837,2010,8-Oct-10
Paranormal Activity: The Ghost Dimension,Par.,"Horror,Mystery,Thriller",77959374,18297124,59662250,10000000,67959374,2015,23-Oct-15
Easy A,SGem,"Comedy,Drama,Romance",76200721,58401464,17799257,8000000,68200721,2010,17-Sep-10
Atomic Blonde,Focus,"Action,Mystery,Thriller",98345423,51573925,46771498,30000000,68345423,2017,28-Jul-17
The Last Exorcism,LGF,"Drama,Horror,Thriller",70165900,41034350,29131550,1800000,68365900,2010,27-Aug-10
Lady Bird,A24,"Comedy,Drama",78610769,48958273,29652496,10000000,68610769,2017,3-Nov-17
We Bought a Zoo,Fox,"Comedy,Drama,Family",118729073,75624550,43104523,50000000,68729073,2011,23-Dec-11
The Possession,LGF,"Horror,Mystery,Thriller",82925064,49130588,33794476,14000000,68925064,2012,31-Aug-12
Manchester by the Sea,RAtt.,Drama,77733867,47695371,30038496,8500000,69233867,2016,18-Nov-16
Kick-Ass,LGF,"Action,Comedy",97531134,48071303,49459831,28000000,69531134,2010,16-Apr-10
Paul Blart: Mall Cop 2,Sony,"Action,Comedy,Crime",107650646,71091594,36559052,38000000,69650646,2015,17-Apr-15
Mechanic: Resurrection,LG/S,"Action,Adventure,Thriller",109738840,21218403,88520437,40000000,69738840,2016,26-Aug-16
Abraham Lincoln: Vampire Hunter,Fox,"Action,Fantasy,Horror",137489730,37519139,99970591,67500000,69989730,2012,22-Jun-12
Act of Valor,Rela.,"Action,Adventure,Drama",82497035,70012847,12484188,12000000,70497035,2012,24-Feb-12
Unstoppable,Fox,"Action,Crime",165720921,81562942,84157979,95000000,70720921,2010,12-Nov-10
Unstoppable,Fox,"Action,Thriller",165720921,81562942,84157979,95000000,70720921,2010,12-Nov-10
Unstoppable,Fox,"Biography,Documentary,History",165720921,81562942,84157979,95000000,70720921,2010,12-Nov-10
Unstoppable,Fox,Documentary,165720921,81562942,84157979,95000000,70720921,2010,12-Nov-10
The Other Guys,Sony,"Action,Comedy,Crime",170936470,119219978,51716492,100000000,70936470,2010,6-Aug-10
War Room,TriS,Drama,73975239,67790117,6185122,3000000,70975239,2015,28-Aug-15
Vacation,WB (NL),"Adventure,Comedy",102306500,58884188,43422312,31000000,71306500,2015,29-Jul-15
Jack Ryan: Shadow Recruit,Par.,"Action,Drama,Thriller",131377412,50577412,80800000,60000000,71377412,2014,17-Jan-14
2 Guns,Uni.,"Action,Comedy,Crime",132493015,75612460,56880555,61000000,71493015,2013,2-Aug-13
Jack and Jill,Sony,Comedy,150519217,74158157,76361060,79000000,71519217,2011,11-Nov-11
The Lucky One,WB,"Drama,Romance",96633833,60457138,36176695,25000000,71633833,2012,20-Apr-12
Instant Family,Par.,"Comedy,Drama",119736188,67363237,52372951,48000000,71736188,2018,16-Nov-18
Spotlight,ORF,"Crime,Drama",92088460,45055776,47032684,20000000,72088460,2015,6-Nov-15
Spotlight,ORF,Drama,92088460,45055776,47032684,20000000,72088460,2015,6-Nov-15
The Hundred-Foot Journey,BV,"Comedy,Drama",94270488,54235441,40035047,22000000,72270488,2014,8-Aug-14
The Last Song,BV,"Drama,Music,Romance",92678948,62950384,29728564,20000000,72678948,2010,31-Mar-10
Ouija: Origin of Evil,Uni.,"Drama,Horror,Mystery",81831866,35144505,46687361,9000000,72831866,2016,21-Oct-16
Blockers,Uni.,Comedy,94045328,60311495,33733833,21000000,73045328,2018,6-Apr-18
The 5th Wave,Sony,"Action,Adventure,Drama",111336398,34912982,76423416,38000000,73336398,2016,22-Jan-16
"Alexander and the Terrible, Horrible, No Good, Very Bad Day",BV,"Comedy,Family",101379287,66954149,34425138,28000000,73379287,2014,10-Oct-14
Contraband,Uni.,"Action,Crime,Drama",98406855,66528000,31878855,25000000,73406855,2012,13-Jan-12
Paper Towns,Fox,"Comedy,Drama,Mystery",85450484,32000304,53450180,12000000,73450484,2015,24-Jul-15
Neighbors 2: Sorority Rising,Uni.,Comedy,108757621,55340730,53416891,35000000,73757621,2016,20-May-16
My Big Fat Greek Wedding 2,Uni.,"Comedy,Romance",92096558,59689605,32406953,18000000,74096558,2016,25-Mar-16
Blade Runner 2049,WB,"Drama,Mystery,Sci-Fi",259357408,92054159,167303249,185000000,74357408,2017,6-Oct-17
Sisters,Uni.,"Action,Drama",106030660,87044645,18986015,30000000,76030660,2015,18-Dec-15
Sisters,Uni.,"Biography,Comedy,Documentary",106030660,87044645,18986015,30000000,76030660,2015,18-Dec-15
Sisters,Uni.,"Biography,Documentary,Music",106030660,87044645,18986015,30000000,76030660,2015,18-Dec-15
Sisters,Uni.,Comedy,106030660,87044645,18986015,30000000,76030660,2015,18-Dec-15
Sisters,Uni.,Drama,106030660,87044645,18986015,30000000,76030660,2015,18-Dec-15
Tammy,WB (NL),"Comedy,Romance",96407655,84525432,11882223,20000000,76407655,2014,2-Jul-14
The Adjustment Bureau,Uni.,"Romance,Sci-Fi,Thriller",126931325,62495645,64435680,50200000,76731325,2011,4-Mar-11
Red Sparrow,Fox,"Action,Drama,Thriller",145951861,46874505,99077356,69000000,76951861,2018,2-Mar-18
About Time,Uni.,"Comedy,Drama,Fantasy",89309178,15323921,73985257,12000000,77309178,2013,1-Nov-13
Contagion,WB,"Action,Drama,Thriller",137551594,75658097,61893497,60000000,77551594,2011,9-Sep-11
A Simple Favor,LGF,"Comedy,Crime,Drama",97628717,53548586,44080131,20000000,77628717,2018,14-Sep-18
BlacKkKlansman,Focus,"Biography,Crime,Drama",93017335,49275340,43741995,15000000,78017335,2018,10-Aug-18
The Book of Eli,WB,"Action,Adventure,Drama",158750817,94835059,63915758,80000000,78750817,2010,15-Jan-10
Water for Elephants,Fox,"Drama,Romance",116809717,58709717,58100000,38000000,78809717,2011,22-Apr-11
Sanctum,Uni.,"Adventure,Drama,Thriller",108957098,23209310,85747788,30000000,78957098,2011,4-Feb-11
The Favourite,FoxS,"Biography,Drama,History",94113929,34366783,59747146,15000000,79113929,2018,23-Nov-18
Why Him?,Fox,Comedy,117425156,60323786,57101370,38000000,79425156,2016,23-Dec-16
Saving Mr. Banks,BV,"Biography,Comedy,Drama",114962525,83299761,31662764,35000000,79962525,2013,13-Dec-13
Game Night,WB (NL),"Action,Comedy,Crime",117378084,69179066,48199018,37000000,80378084,2018,23-Feb-18
Game Night,WB (NL),Comedy,117378084,69179066,48199018,37000000,80378084,2018,23-Feb-18
The Second Best Exotic Marigold Hotel,FoxS,"Comedy,Drama",90384306,33078266,57306040,10000000,80384306,2015,6-Mar-15
Book Club,Par.,"Comedy,Drama,Romance",91113683,68566296,22547387,10000000,81113683,2018,18-May-18
Book Club,Par.,Documentary,91113683,68566296,22547387,10000000,81113683,2018,18-May-18
The Pirates! Band of Misfits,Sony,"Adventure,Animation,Comedy",136143605,31051126,105092479,55000000,81143605,2012,27-Apr-12
Zero Dark Thirty,Sony,"Drama,Thriller",134612435,95720716,38891719,52500000,82112435,2012,19-Dec-12
The Karate Kid,Sony,"Action,Drama,Family",90815558,90815558,0,8000000,82815558,2010,22-Jun-84
Blended,WB,"Comedy,Romance",127990741,46290741,81700000,45000000,82990741,2014,23-May-14
Sinister,LG/S,Drama,87727807,48086903,39640904,3000000,84727807,2012,12-Oct-12
Sinister,LG/S,"Horror,Mystery,Thriller",87727807,48086903,39640904,3000000,84727807,2012,12-Oct-12
Ride Along 2,Uni.,"Action,Comedy,Crime",124827316,90862685,33964631,40000000,84827316,2016,15-Jan-16
Blue Jasmine,SPC,Drama,102912961,33404871,69508090,18000000,84912961,2013,26-Jul-13
Last Vegas,CBS,"Comedy,Drama",112914167,63914167,49000000,28000000,84914167,2013,28-Jan-13
Warm Bodies,LG/S,"Comedy,Horror,Romance",115121608,66380662,48740946,30000000,85121608,2013,1-Feb-13
American Made,Uni.,"Action,Biography,Comedy",135569212,51342000,84227212,50000000,85569212,2017,29-Sep-17
The Hateful Eight,Wein.,"Crime,Drama,Mystery",147864886,54117416,93747470,62000000,85864886,2015,25-Dec-15
Paranormal Activity: The Marked Ones,Par.,"Horror,Mystery,Thriller",90904854,32462372,58442482,5000000,85904854,2014,3-Jan-14
Justin Bieber: Never Say Never,Par.,"Documentary,Music",99034125,73013910,26020215,13000000,86034125,2011,11-Feb-11
Sex Tape,Sony,"Comedy,Romance",126069509,38543473,87526036,40000000,86069509,2014,18-Jul-14
War Horse,BV,Drama,156815529,79883359,76932170,70000000,86815529,2011,25-Dec-11
War Horse,BV,"Drama,History,War",156815529,79883359,76932170,70000000,86815529,2011,25-Dec-11
Philomena,Wein.,"Biography,Comedy,Drama",98963392,37709979,61253413,12000000,86963392,2013,22-Nov-13
Predators,Fox,"Action,Adventure,Sci-Fi",127234389,52000688,75233701,40000000,87234389,2010,9-Jul-10
Dark Shadows,WB,"Comedy,Fantasy,Horror",238202668,79727149,158475519,150000000,88202668,2012,11-May-12
The Purge,Uni.,"Horror,Thriller",91266581,64473115,26793466,3000000,88266581,2013,7-Jun-13
Captain Underpants: The First Epic Movie,Fox,"Action,Animation,Comedy",126577874,73921000,52656874,38000000,88577874,2017,2-Jun-17
Mirror Mirror,Rela.,"Adventure,Comedy,Drama",173613482,64935167,108678315,85000000,88613482,2012,30-Mar-12
The Monuments Men,Sony,"Comedy,Drama,History",158702748,78031620,80671128,70000000,88702748,2014,7-Feb-14
Zookeeper,Sony,"Comedy,Family,Romance",170805525,80360866,90444659,80000000,90805525,2011,8-Jul-11
The Bounty Hunter,Sony,,135808837,67061228,68747609,45000000,90808837,2010,19-Mar-10
The Bounty Hunter,Sony,"Action,Comedy,Romance",135808837,67061228,68747609,45000000,90808837,2010,19-Mar-10
Project X,WB,Comedy,103028188,54731865,48296323,12000000,91028188,2012,2-Mar-12
Project X,WB,Mystery,103028188,54731865,48296323,12000000,91028188,2012,2-Mar-12
Truth or Dare,Uni.,"Comedy,Drama,Romance",95127344,41411015,53716329,3500000,91627344,2018,13-Apr-18
Truth or Dare,Uni.,"Comedy,Romance",95127344,41411015,53716329,3500000,91627344,2018,13-Apr-18
Truth or Dare,Uni.,"Drama,Romance",95127344,41411015,53716329,3500000,91627344,2018,13-Apr-18
Truth or Dare,Uni.,"Horror,Romance,Thriller",95127344,41411015,53716329,3500000,91627344,2018,13-Apr-18
Truth or Dare,Uni.,"Horror,Thriller",95127344,41411015,53716329,3500000,91627344,2018,13-Apr-18
This Means War,Fox,"Action,Comedy,Romance",156974557,54760791,102213766,65000000,91974557,2012,17-Feb-12
Ghost Rider: Spirit of Vengeance,Sony,"Action,Fantasy,Thriller",149217355,51774002,97443353,57000000,92217355,2012,17-Feb-12
Jigsaw,LGF,"Crime,Horror,Mystery",102445196,38052832,64392364,10000000,92445196,2017,27-Oct-17
The Nut Job,ORF,"Adventure,Animation,Comedy",122529966,64251538,58278428,30000000,92529966,2014,17-Jan-14
Battleship,Uni.,"Action,Adventure,Sci-Fi",313477717,65233400,248244317,220000000,93477717,2012,18-May-12
Dirty Grandpa,LGF,Comedy,105078449,35593113,69485336,11500000,93578449,2016,22-Jan-16
The Visit,Uni.,"Comedy,Drama,Romance",98677816,65206105,33471711,5000000,93677816,2015,11-Sep-15
The Visit,Uni.,"Documentary,Drama",98677816,65206105,33471711,5000000,93677816,2015,11-Sep-15
The Visit,Uni.,"Horror,Mystery,Thriller",98677816,65206105,33471711,5000000,93677816,2015,11-Sep-15
The Visit,Uni.,Thriller,98677816,65206105,33471711,5000000,93677816,2015,11-Sep-15
Parental Guidance,Fox,"Comedy,Family",120832383,77267296,43565087,25000000,95832383,2012,25-Dec-12
Unknown,WB,,136123083,63686397,72436686,40000000,96123083,2011,18-Feb-11
Unknown,WB,"Action,Mystery,Thriller",136123083,63686397,72436686,40000000,96123083,2011,18-Feb-11
Unknown,WB,Drama,136123083,63686397,72436686,40000000,96123083,2011,18-Feb-11
The Secret Life of Walter Mitty,Fox,"Adventure,Comedy,Drama",187861183,58236838,129624345,91000000,96861183,2013,25-Dec-13
Date Night,Fox,"Comedy,Crime,Romance",152269033,98711404,53557629,55000000,97269033,2010,9-Apr-10
Ouija,Uni.,"Horror,Mystery,Thriller",103300632,50856010,52444622,5000000,98300632,2014,24-Oct-14
Insidious,FD,"Horror,Mystery,Thriller",99870886,54009150,45861736,1500000,98370886,2011,1-Apr-11
Unbroken,Uni.,"Biography,Drama,Sport",163527824,115637895,47889929,65000000,98527824,2014,25-Dec-14
Unbroken,Uni.,Drama,163527824,115637895,47889929,65000000,98527824,2014,25-Dec-14
Pitch Perfect,Uni.,"Comedy,Music,Romance",116044347,65001093,51043254,17000000,99044347,2012,28-Sep-12
A Bad Moms Christmas,STX,"Adventure,Comedy",127710550,72110659,55599891,28000000,99710550,2017,1-Nov-17
Jack Reacher: Never Go Back,Par.,"Action,Thriller",159946489,58697076,101249413,60000000,99946489,2016,21-Oct-16
The Devil Inside,Par.,Horror,101759490,53262945,48496545,1000000,100759490,2012,6-Jan-12
Goosebumps,Sony,"Adventure,Comedy,Family",158905324,80069458,78835866,58000000,100905324,2015,16-Oct-15
Think Like a Man,SGem,"Comedy,Romance",113373764,91547205,21826559,12000000,101373764,2012,20-Apr-12
The Iron Lady,Wein.,"Biography,Drama",115592104,29959436,85632668,14000000,101592104,2011,13-Jan-12
The Purge: Anarchy,Uni.,"Action,Horror,Sci-Fi",111534881,71562550,39972331,9000000,102534881,2014,18-Jul-14
Olympus Has Fallen,FD,"Action,Thriller",172878928,98927592,73951336,70000000,102878928,2013,22-Mar-13
Hope Springs,Sony,"Comedy,Drama,Romance",133085295,63536011,69549284,30000000,103085295,2012,8-Aug-12
10 Cloverfield Lane,Par.,"Drama,Horror,Mystery",108286422,72082999,36203423,5000000,103286422,2016,11-Mar-16
The Big Short,Par.,"Biography,Comedy,Drama",133162752,70259870,62902882,28000000,105162752,2015,11-Dec-15
The Shallows,Sony,"Drama,Horror,Thriller",118763442,55121623,63641819,13000000,105763442,2016,24-Jun-16
The Foreigner,STX,Action,140783360,34393507,106389853,35000000,105783360,2017,13-Oct-17
The Foreigner,STX,"Action,Thriller",140783360,34393507,106389853,35000000,105783360,2017,13-Oct-17
The Foreigner,STX,"Comedy,Romance",140783360,34393507,106389853,35000000,105783360,2017,13-Oct-17
Trainwreck,Uni.,"Comedy,Drama,Romance",141123897,110212700,30911197,35000000,106123897,2015,17-Jul-15
Alice Through the Looking Glass,BV,"Adventure,Family,Fantasy",276928112,77042381,199885731,170000000,106928112,2016,27-May-16
The Theory of Everything,Focus,"Biography,Drama,Romance",123327692,35893537,87434155,15000000,108327692,2014,7-Nov-14
Source Code,Sum.,"Action,Drama,Sci-Fi",140428499,54712227,85716272,32000000,108428499,2011,1-Apr-11
The Purge: Election Year,Uni.,"Action,Horror,Sci-Fi",118514727,79042440,39472287,10000000,108514727,2016,1-Jul-16
Bajrangi Bhaijaan,Eros,"Action,Comedy,Drama",121778347,8178001,113600346,13000000,108778347,2015,17-Jul-15
Magic Mike XXL,WB,"Comedy,Drama,Music",123660597,66013057,57647540,14500000,109160597,2015,1-Jul-15
The Expendables 3,LGF,"Action,Adventure,Thriller",209461378,39322544,170138834,100000000,109461378,2014,15-Aug-14
Lone Survivor,Uni.,"Action,Biography,Drama",149804632,125095601,24709031,40000000,109804632,2013,25-Dec-13
Teenage Mutant Ninja Turtles: Out of the Shadows,Par.,"Action,Adventure,Comedy",245328374,82051601,163276773,135000000,110328374,2016,3-Jun-16
Rango,Par.,"Adventure,Animation,Comedy",245724600,123477607,122246993,135000000,110724600,2011,4-Mar-11
Percy Jackson: Sea of Monsters,Fox,"Adventure,Family,Fantasy",200859554,68559554,132300000,90000000,110859554,2013,7-Aug-13
Friends with Benefits,SGem,"Comedy,Romance",146595891,55802754,90793137,35000000,111595891,2011,22-Jul-11
The Artist,Wein.,"Comedy,Drama,Romance",128256712,44667095,83589617,16000000,112256712,2011,25-Nov-11
The Artist,Wein.,Mystery,128256712,44667095,83589617,16000000,112256712,2011,25-Nov-11
The Artist,Wein.,Thriller,128256712,44667095,83589617,16000000,112256712,2011,25-Nov-11
Robin Hood,Uni.,,322459006,105487148,216971858,210000000,112459006,2010,14-May-10
Robin Hood,Uni.,"Action,Adventure,Drama",322459006,105487148,216971858,210000000,112459006,2010,14-May-10
Robin Hood,Uni.,"Action,Adventure,History",322459006,105487148,216971858,210000000,112459006,2010,14-May-10
Robin Hood,Uni.,"Action,Adventure,Thriller",322459006,105487148,216971858,210000000,112459006,2010,14-May-10
Robin Hood,Uni.,"Action,Drama",322459006,105487148,216971858,210000000,112459006,2010,14-May-10
Girls Trip,Uni.,"Comedy,Drama",140886353,115108515,25777838,28000000,112886353,2017,21-Jul-17
The Accountant,WB,"Action,Crime,Drama",152962083,86260045,66702038,40000000,112962083,2016,14-Oct-16
Storks,WB,"Adventure,Animation,Comedy",183353431,72679278,110674153,70000000,113353431,2016,23-Sep-16
The Equalizer 2,Sony,"Action,Crime,Thriller",190453132,102084362,88368770,77000000,113453132,2018,20-Jul-18
The Woman in Black,CBS,"Drama,Fantasy,Horror",128955898,54333290,74622608,15000000,113955898,2012,3-Feb-12
Final Destination 5,WB (NL),Horror,155011165,42587643,112423522,40000000,115011165,2011,12-Aug-11
The Dictator,Par.,Comedy,180148897,59650222,120498675,65000000,115148897,2012,16-May-12
The Town,WB,"Crime,Drama,Thriller",152566881,92186262,60380619,37000000,115566881,2010,17-Sep-10
The Town,WB,Horror,152566881,92186262,60380619,37000000,115566881,2010,17-Sep-10
Baywatch,Par.,"Action,Comedy,Crime",175863783,58060186,117803597,60000000,115863783,2017,25-May-17
The Muppets,BV,"Adventure,Comedy,Family",160971922,88625922,72346000,45000000,115971922,2011,23-Nov-11
Dumb and Dumber To,Uni.,"Adventure,Comedy",156553592,86208010,70345582,40000000,116553592,2014,14-Nov-14
Dear John,SGem,"Drama,Romance,War",142033509,80014842,62018667,25000000,117033509,2010,5-Feb-10
Solo: A Star Wars Story,BV,"Action,Adventure,Fantasy",393151347,213767512,179383835,275000000,118151347,2018,25-May-18
The Fighter,Par.,"Biography,Drama,Sport",129262388,93617009,35645379,11000000,118262388,2010,10-Dec-10
The Green Hornet,Sony,"Action,Comedy,Crime",229155503,98780042,130375461,110000000,119155503,2011,14-Jan-11
Johnny English Reborn,Uni.,"Action,Adventure,Comedy",164640401,8406711,156233690,45000000,119640401,2011,21-Oct-11
Happy Death Day,Uni.,"Horror,Mystery,Thriller",125010260,55683845,69326415,5000000,120010260,2017,13-Oct-17
Gulliver's Travels,Fox,"Adventure,Comedy,Family",232017848,42779261,189238587,112000000,120017848,2010,25-Dec-10
Geostorm,WB,"Action,Sci-Fi,Thriller",220796009,33700160,187095849,100000000,120796009,2017,20-Oct-17
Darkest Hour,Focus,"Biography,Drama,History",150807172,56443120,94364052,30000000,120807172,2017,22-Nov-17
The Mule,WB,"Comedy,Crime,Drama",170857676,103804407,67053269,50000000,120857676,2018,14-Dec-18
The Mule,WB,"Comedy,Drama",170857676,103804407,67053269,50000000,120857676,2018,14-Dec-18
The Mule,WB,"Crime,Drama,Thriller",170857676,103804407,67053269,50000000,120857676,2018,14-Dec-18
After Earth,Sony,"Action,Adventure,Drama",251499665,60522097,190977568,130000000,121499665,2013,31-May-13
Anchorman 2: The Legend Continues,Par.,Comedy,172185754,127352707,44833047,50000000,122185754,2013,18-Dec-13
Sausage Party,Sony,"Adventure,Animation,Comedy",141344255,97670358,43673897,19000000,122344255,2016,12-Aug-16
Bridge of Spies,BV,"Drama,History,Thriller",162498338,72313754,90184584,40000000,122498338,2015,16-Oct-15
Safe House,Uni.,Action,208542162,126181630,82360532,85000000,123542162,2012,10-Feb-12
Safe House,Uni.,"Action,Adventure,Crime",208542162,126181630,82360532,85000000,123542162,2012,10-Feb-12
Safe House,Uni.,Horror,208542162,126181630,82360532,85000000,123542162,2012,10-Feb-12
The First Purge,Uni.,"Action,Horror,Sci-Fi",136617305,69488745,67128560,13000000,123617305,2018,4-Jul-18
No Strings Attached,Par.,Animation,149228078,70662220,78565858,25000000,124228078,2011,21-Jan-11
No Strings Attached,Par.,"Comedy,Drama,Romance",149228078,70662220,78565858,25000000,124228078,2011,21-Jan-11
No Strings Attached,Par.,"Comedy,Romance",149228078,70662220,78565858,25000000,124228078,2011,21-Jan-11
The Best Exotic Marigold Hotel,FoxS,"Comedy,Drama,Romance",134639780,46383639,88256141,10000000,124639780,2012,4-May-12
Yogi Bear,WB,"Adventure,Animation,Comedy",204774690,100246011,104528679,80000000,124774690,2010,17-Dec-10
Mr. Peabody & Sherman,Fox,"Adventure,Animation,Comedy",269806430,111506430,158300000,145000000,124806430,2014,7-Mar-14
Hop,Uni.,"Adventure,Animation,Comedy",188657593,108085305,80572288,63000000,125657593,2011,1-Apr-11
Need for Speed,BV,"Action,Crime,Thriller",194169619,43568507,150601112,66000000,128169619,2014,14-Mar-14
Exodus: Gods and Kings,Fox,"Action,Adventure,Drama",268314513,65014513,203300000,140000000,128314513,2014,12-Dec-14
Limitless,Rela.,"Biography,Documentary",155564919,79249455,76315464,27000000,128564919,2011,18-Mar-11
Limitless,Rela.,Documentary,155564919,79249455,76315464,27000000,128564919,2011,18-Mar-11
Limitless,Rela.,"Mystery,Sci-Fi,Thriller",155564919,79249455,76315464,27000000,128564919,2011,18-Mar-11
Ride Along,Uni.,Action,153733800,134202565,19531235,25000000,128733800,2014,17-Jan-14
Ride Along,Uni.,"Action,Comedy,Crime",153733800,134202565,19531235,25000000,128733800,2014,17-Jan-14
Hacksaw Ridge,LGF,"Biography,Drama,History",168904682,67209615,101695067,40000000,128904682,2016,4-Nov-16
The Girl on the Train,Strand,"Crime,Drama,Mystery",174278214,75395035,98883179,45000000,129278214,2010,7-Oct-16
The Girl on the Train,Strand,"Horror,Mystery,Thriller",174278214,75395035,98883179,45000000,129278214,2010,7-Oct-16
The Girl on the Train,Strand,Thriller,174278214,75395035,98883179,45000000,129278214,2010,7-Oct-16
Flight,Par.,,160558438,93772375,66786063,31000000,129558438,2012,2-Nov-12
Flight,Par.,"Drama,Thriller",160558438,93772375,66786063,31000000,129558438,2012,2-Nov-12
The Impossible,LG/S,"Drama,History,Thriller",169590606,19019882,150570724,40000000,129590606,2012,21-Dec-12
The Post,Fox,"Biography,Drama,History",179748880,81903458,97845422,50000000,129748880,2017,22-Dec-17
In Time,Fox,"Action,Crime,Drama",165103952,37553932,127550020,35000000,130103952,2011,28-Oct-11
Midnight in Paris,SPC,"Comedy,Documentary,Drama",162502774,56816662,105686112,30000000,132502774,2011,20-May-11
Midnight in Paris,SPC,"Comedy,Fantasy,Romance",162502774,56816662,105686112,30000000,132502774,2011,20-May-11
Step Up Revolution,LG/S,"Drama,Music,Romance",165552290,35074677,130477613,33000000,132552290,2012,27-Jul-12
The Grand Budapest Hotel,FoxS,"Adventure,Comedy,Crime",163981261,59076019,104905242,31000000,132981261,2014,7-Mar-14
Mama,Uni.,Documentary,148095566,71628180,76467386,15000000,133095566,2013,18-Jan-13
Mama,Uni.,Drama,148095566,71628180,76467386,15000000,133095566,2013,18-Jan-13
Mama,Uni.,"Horror,Thriller",148095566,71628180,76467386,15000000,133095566,2013,18-Jan-13
Smallfoot,WB,"Adventure,Animation,Comedy",213691277,83240103,130451174,80000000,133691277,2018,28-Sep-18
London Has Fallen,Focus,"Action,Thriller",195194085,62524260,132669825,60000000,135194085,2016,4-Mar-16
Red,Sum.,"Biography,Documentary,Drama",196439693,90380162,106059531,60000000,136439693,2010,15-Oct-10
Red,Sum.,"Documentary,History",196439693,90380162,106059531,60000000,136439693,2010,15-Oct-10
Red,Sum.,Drama,196439693,90380162,106059531,60000000,136439693,2010,15-Oct-10
Red,Sum.,Thriller,196439693,90380162,106059531,60000000,136439693,2010,15-Oct-10
Immortals,Rela.,"Action,Drama,Fantasy",211562435,83504017,128058418,75000000,136562435,2011,11-Nov-11
Creed,WB (NL),"Crime,Drama",173567581,109767581,63800000,37000000,136567581,2015,25-Nov-15
Creed,WB (NL),"Drama,Sport",173567581,109767581,63800000,37000000,136567581,2015,25-Nov-15
Creed,WB (NL),Horror,173567581,109767581,63800000,37000000,136567581,2015,25-Nov-15
Lion,Wein.,"Action,Drama,Romance",149570720,51739495,97831225,12000000,137570720,2016,25-Nov-16
Lion,Wein.,"Biography,Drama",149570720,51739495,97831225,12000000,137570720,2016,25-Nov-16
Lion,Wein.,"Comedy,Drama,Romance",149570720,51739495,97831225,12000000,137570720,2016,25-Nov-16
Smurfs: The Lost Village,Sony,"Adventure,Animation,Comedy",197578586,45020282,152558304,60000000,137578586,2017,7-Apr-17
Paranormal Activity 4,Par.,"Horror,Mystery,Thriller",142817992,53900335,88917657,5000000,137817992,2012,19-Oct-12
The Equalizer,Sony,"Action,Crime,Thriller",192903624,101530738,91372886,55000000,137903624,2014,26-Sep-14
Identity Thief,Uni.,"Adventure,Comedy,Crime",175361578,134506920,40854658,35000000,140361578,2013,8-Feb-13
Looper,TriS,"Action,Crime,Drama",170466405,66486205,103980200,30000000,140466405,2012,28-Sep-12
Pitch Perfect 3,Uni.,"Comedy,Music",185736412,104897530,80838882,45000000,140736412,2017,22-Dec-17
Alien: Covenant,Fox,"Horror,Sci-Fi,Thriller",238521247,74262031,164259216,97000000,141521247,2017,19-May-17
Lights Out,WB (NL),Documentary,148806510,67268835,81537675,5000000,143806510,2016,22-Jul-16
Lights Out,WB (NL),Drama,148806510,67268835,81537675,5000000,143806510,2016,22-Jul-16
Lights Out,WB (NL),"Drama,Horror,Mystery",148806510,67268835,81537675,5000000,143806510,2016,22-Jul-16
Lights Out,WB (NL),"Drama,Mystery,Thriller",148806510,67268835,81537675,5000000,143806510,2016,22-Jul-16
Inferno,Sony,"Action,Adventure,Crime",219519367,34343574,185175793,75000000,144519367,2016,28-Oct-16
Inferno,Sony,Documentary,219519367,34343574,185175793,75000000,144519367,2016,28-Oct-16
Inferno,Sony,Drama,219519367,34343574,185175793,75000000,144519367,2016,28-Oct-16
Inferno,Sony,Horror,219519367,34343574,185175793,75000000,144519367,2016,28-Oct-16
Inferno,Sony,Thriller,219519367,34343574,185175793,75000000,144519367,2016,28-Oct-16
The Good Dinosaur,BV,"Adventure,Animation,Comedy",333771037,123087120,210683917,187500000,146271037,2015,25-Nov-15
Eat Pray Love,Sony,"Drama,Romance",206598789,80574010,126024779,60000000,146598789,2010,13-Aug-10
Due Date,WB,"Adventure,Comedy",211739043,100539043,111200000,65000000,146739043,2010,5-Nov-10
Lee Daniels' The Butler,Wein.,"Biography,Drama",177025498,116632095,60393403,30000000,147025498,2013,16-Aug-13
"Three Billboards Outside Ebbing, Missouri",FoxS,"Crime,Drama",160191915,54513740,105678175,12000000,148191915,2017,10-Nov-17
Ted 2,Uni.,Comedy,217214143,81476385,135737758,68000000,149214143,2015,26-Jun-15
The Girl with the Dragon Tattoo,MBox,"Crime,Drama,Mystery",239373970,102515793,136858177,90000000,149373970,2010,20-Dec-11
Dracula Untold,Uni.,"Action,Drama,Fantasy",220241723,55991880,164249843,70000000,150241723,2014,10-Oct-14
Star Trek Beyond,Par.,"Action,Adventure,Sci-Fi",335802233,158848340,176953893,185000000,150802233,2016,22-Jul-16
The Peanuts Movie,Fox,"Adventure,Animation,Comedy",250091610,130178411,119913199,99000000,151091610,2015,6-Nov-15
Turbo,Fox,"Adventure,Animation,Comedy",286896578,83028130,203868448,135000000,151896578,2013,17-Jul-13
Real Steel,BV,"Action,Drama,Family",263880341,85463309,178417032,110000000,153880341,2011,7-Oct-11
Pixels,Sony,"Action,Comedy",244041804,78765986,165275818,90000000,154041804,2015,24-Jul-15
Pixels,Sony,"Action,Comedy,Sci-Fi",244041804,78765986,165275818,90000000,154041804,2015,24-Jul-15
The Other Woman,IFC,"Comedy,Romance",195111193,83911193,111200000,40000000,155111193,2011,25-Apr-14
Wrath of the Titans,WB,"Action,Adventure,Fantasy",305270083,83670083,221600000,150000000,155270083,2012,30-Mar-12
The Bourne Legacy,Uni.,"Action,Adventure,Thriller",280355920,113203870,167152050,125000000,155355920,2012,10-Aug-12
The Descendants,FoxS,"Comedy,Drama",175507800,82624961,92882839,20000000,155507800,2011,16-Nov-11
The Descendants,FoxS,Drama,175507800,82624961,92882839,20000000,155507800,2011,16-Nov-11
Arrival,Par.,Documentary,203127894,100546139,102581755,47000000,156127894,2016,11-Nov-16
Arrival,Par.,"Drama,Mystery,Sci-Fi",203127894,100546139,102581755,47000000,156127894,2016,11-Nov-16
Into the Woods,BV,"Adventure,Comedy,Drama",213116401,128002372,85114029,56200000,156916401,2014,25-Dec-14
Into the Woods,BV,"Comedy,Musical",213116401,128002372,85114029,56200000,156916401,2014,25-Dec-14
Into the Woods,BV,"Fantasy,Horror",213116401,128002372,85114029,56200000,156916401,2014,25-Dec-14
Into the Woods,BV,Thriller,213116401,128002372,85114029,56200000,156916401,2014,25-Dec-14
The Intern,WB,,197115710,75764672,121351038,40000000,157115710,2015,25-Sep-15
The Intern,WB,"Comedy,Drama",197115710,75764672,121351038,40000000,157115710,2015,25-Sep-15
Jack Reacher,Par.,"Action,Crime,Thriller",217370736,80070736,137300000,60000000,157370736,2012,21-Dec-12
Insidious: The Last Key,Uni.,"Horror,Mystery,Thriller",167885588,67745330,100140258,10000000,157885588,2018,5-Jan-18
Alvin and the Chipmunks: The Road Chip,Fox,"Adventure,Animation,Comedy",249517956,85886987,163630969,90000000,159517956,2015,18-Dec-15
Salt,Sony,"Action,Mystery,Thriller",290650494,118311368,172339126,130000000,160650494,2010,23-Jul-10
21 Jump Street,Sony,"Action,Comedy,Crime",202812429,138447667,64364762,42000000,160812429,2012,16-Mar-12
Bad Moms,STX,Comedy,180998716,113257297,67741419,20000000,160998716,2016,29-Jul-16
12 Years a Slave,FoxS,"Biography,Drama,History",181025343,56671993,124353350,20000000,161025343,2013,18-Oct-13
Rise of the Guardians,P/DW,"Action,Adventure,Animation",306900902,103412758,203488144,145000000,161900902,2012,21-Nov-12
Epic,Fox,"Adventure,Animation,Family",262794441,107518682,155275759,100000000,162794441,2013,24-May-13
Magic Mike,WB,"Comedy,Drama",170549753,113721571,56828182,7000000,163549753,2012,29-Jun-12
Creed II,MGM,"Drama,Sport",213591522,115715889,97875633,50000000,163591522,2018,21-Nov-18
Valentine's Day,WB (NL),"Comedy,Romance",217569328,110485654,107083674,52000000,165569328,2010,12-Feb-10
Captain Phillips,Sony,"Biography,Drama,Thriller",220648184,107136417,113511767,55000000,165648184,2013,11-Oct-13
Elysium,TriS,"Action,Drama,Sci-Fi",286192091,93050117,193141974,120000000,166192091,2013,9-Aug-13
Elysium,TriS,Drama,286192091,93050117,193141974,120000000,166192091,2013,9-Aug-13
The Emoji Movie,Sony,"Adventure,Animation,Comedy",216562312,86089513,130472799,50000000,166562312,2017,28-Jul-17
Grown Ups 2,Sony,Comedy,247023808,133668525,113355283,80000000,167023808,2013,12-Jul-13
Central Intelligence,WB (NL),"Action,Comedy,Crime",217194805,127440871,89753934,50000000,167194805,2016,17-Jun-16
The Vow,SGem,"Drama,Romance",197618160,125014030,72604130,30000000,167618160,2012,10-Feb-12
Oblivion,Uni.,,287916633,89107235,198809398,120000000,167916633,2013,19-Apr-13
Oblivion,Uni.,"Action,Adventure,Sci-Fi",287916633,89107235,198809398,120000000,167916633,2013,19-Apr-13
Oblivion,Uni.,Thriller,287916633,89107235,198809398,120000000,167916633,2013,19-Apr-13
The Legend of Tarzan,WB,"Action,Adventure,Drama",348902025,126643061,222258964,180000000,168902025,2016,1-Jul-16
The Last Airbender,Par.,"Action,Adventure,Family",319713881,131772187,187941694,150000000,169713881,2010,1-Jul-10
Non-Stop,Uni.,"Action,Mystery,Thriller",222383055,91742160,130640895,50000000,172383055,2014,28-Feb-14
Straight Outta Compton,Uni.,"Biography,Drama,History",202182981,161197785,40985196,28000000,174182981,2015,14-Aug-15
Paranormal Activity 2,Par.,Horror,177512032,84752907,92759125,3000000,174512032,2010,20-Oct-10
Resident Evil: Retribution,SGem,"Action,Horror,Sci-Fi",240647629,42345531,198302098,65000000,175647629,2012,14-Sep-12
The Shape of Water,FoxS,"Adventure,Drama,Fantasy",195790794,63859435,131931359,19500000,176290794,2017,1-Dec-17
Horrible Bosses,WB (NL),"Comedy,Crime",212417601,117538559,94879042,35000000,177417601,2011,8-Jul-11
Sully,WB,"Biography,Drama",238524556,125070033,113454523,60000000,178524556,2016,9-Sep-16
The Tourist,Sony,"Action,Adventure,Thriller",278731369,67631157,211100212,100000000,178731369,2010,10-Dec-10
Ferdinand,Fox,"Adventure,Animation,Comedy",289847930,84410380,205437550,111000000,178847930,2017,15-Dec-17
Skyscraper,Uni.,"Action,Adventure,Thriller",304115534,68420120,235695414,125000000,179115534,2018,13-Jul-18
Argo,WB,"Biography,Drama,Thriller",227140757,136025503,91115254,44500000,182640757,2012,12-Oct-12
Tomb Raider,WB,"Action,Adventure,Fantasy",273477501,58250803,215226698,90000000,183477501,2018,16-Mar-18
The Great Wall,Uni.,"Action,Adventure,Fantasy",334486852,45157105,289329747,150000000,184486852,2017,17-Feb-17
The Great Wall,Uni.,Documentary,334486852,45157105,289329747,150000000,184486852,2017,17-Feb-17
The Social Network,Sony,"Biography,Drama",224922135,96962694,127959441,40000000,184922135,2010,1-Oct-10
The Expendables,LGF,"Action,Adventure,Thriller",268268174,103068524,165199650,82000000,186268174,2010,13-Aug-10
The Heat,Fox,"Action,Comedy,Crime",229727774,159581587,70146187,43000000,186727774,2013,28-Jun-13
American Reunion,Uni.,Comedy,236799211,56758835,180040376,50000000,186799211,2012,6-Apr-12
The Help,BV,Drama,213120004,169705587,43414417,25000000,188120004,2011,10-Aug-11
Me Before You,WB (NL),"Drama,Romance",208265198,56245075,152020123,20000000,188265198,2016,3-Jun-16
Divergent,LG/S,"Action,Adventure,Mystery",276014965,150947895,125067070,85000000,191014965,2014,21-Mar-14
Megamind,P/DW,"Action,Animation,Comedy",321887208,148415853,173471355,130000000,191887208,2010,5-Nov-10
Edge of Tomorrow,WB,"Action,Sci-Fi",370541256,100206256,270335000,178000000,192541256,2014,6-Jun-14
Baby Driver,TriS,"Action,Crime,Drama",228104185,107825862,120278323,34000000,194104185,2017,28-Jun-17
X-Men: First Class,Fox,"Action,Adventure,Sci-Fi",355408305,146408305,209000000,160000000,195408305,2011,3-Jun-11
Cloudy with a Chance of Meatballs 2,Sony,"Adventure,Animation,Comedy",274392649,119793567,154599082,78000000,196392649,2013,27-Sep-13
Bad Teacher,Sony,"Comedy,Romance",215448997,100292856,115156141,19000000,196448997,2011,24-Jun-11
Grown Ups,Sony,Comedy,272223430,162001186,110222244,75000000,197223430,2010,25-Jun-10
Sex and the City 2,WB (NL),"Comedy,Drama,Romance",294680778,95347692,199333086,95000000,199680778,2010,27-May-10
Paranormal Activity 3,Par.,"Horror,Mystery,Thriller",207039844,104028807,103011037,5000000,202039844,2011,21-Oct-11
Paddington,W/Dim.,"Adventure,Comedy,Family",258789097,76223578,182565519,55000000,203789097,2015,16-Jan-15
Hidden Figures,Fox,"Biography,Drama,History",231771716,169607287,62164429,25000000,206771716,2016,25-Dec-16
Super 8,Par.,"Mystery,Sci-Fi,Thriller",257972745,127004179,130968566,50000000,207972745,2011,10-Jun-11
Crazy Rich Asians,WB,"Comedy,Romance",238099711,174532921,63566790,30000000,208099711,2018,15-Aug-18
Lincoln,BV,"Biography,Documentary,History",273346281,182207973,91138308,65000000,208346281,2012,9-Nov-12
Lincoln,BV,"Biography,Drama,History",273346281,182207973,91138308,65000000,208346281,2012,9-Nov-12
Cars 3,BV,"Adventure,Animation,Comedy",383541369,152901115,230640254,175000000,208541369,2017,16-Jun-17
Little Fockers,Uni.,"Comedy,Romance",310650574,148438600,162211974,100000000,210650574,2010,22-Dec-10
Mary Poppins Returns,BV,"Comedy,Family,Fantasy",341528518,171958438,169570080,130000000,211528518,2018,19-Dec-18
The Expendables 2,LGF,"Action,Adventure,Thriller",311979256,85028192,226951064,100000000,211979256,2012,17-Aug-12
A Good Day to Die Hard,Fox,"Action,Thriller",304249198,67349198,236900000,92000000,212249198,2013,14-Feb-13
The Imitation Game,Wein.,"Biography,Drama,Thriller",227740463,91125143,136615320,15000000,212740463,2014,28-Nov-14
Silver Linings Playbook,Wein.,"Comedy,Drama,Romance",236412453,132092958,104319495,21000000,215412453,2012,16-Nov-12
True Grit,Par.,"Adventure,Drama,Western",252276928,171243005,81033923,35000000,217276928,2010,22-Dec-10
American Hustle,Sony,"Crime,Drama",257878294,150117807,107760487,40000000,217878294,2013,13-Dec-13
Trolls,Fox,"Adventure,Animation,Comedy",344150134,153707064,190443070,125000000,219150134,2016,4-Nov-16
Independence Day: Resurgence,Fox,"Action,Adventure,Sci-Fi",384169424,103144286,281025138,165000000,219169424,2016,24-Jun-16
Shutter Island,Par.,"Mystery,Thriller",299461782,128012934,171448848,80000000,219461782,2010,19-Feb-10
Mad Max: Fury Road,WB,"Action,Adventure,Sci-Fi",370098020,153636354,216461666,150000000,220098020,2015,15-May-15
Pacific Rim,WB,"Action,Adventure,Sci-Fi",411002906,101802906,309200000,190000000,221002906,2013,12-Jul-13
Noah,Par.,"Action,Adventure,Drama",352831065,101200044,251631021,130000000,222831065,2014,28-Mar-14
Noah,Par.,Animation,352831065,101200044,251631021,130000000,222831065,2014,28-Mar-14
Noah,Par.,"Drama,Thriller",352831065,101200044,251631021,130000000,222831065,2014,28-Mar-14
Night at the Museum: Secret of the Tomb,Fox,"Adventure,Comedy,Family",353756621,113746621,240010000,127000000,226756621,2014,19-Dec-14
Captain America: The First Avenger,Par.,"Action,Adventure,Sci-Fi",370569776,176654505,193915271,140000000,230569776,2011,22-Jul-11
We're the Millers,WB (NL),"Comedy,Crime",267816276,150394119,117422157,37000000,230816276,2013,7-Aug-13
Snow White and the Huntsman,Uni.,"Action,Adventure,Drama",401021746,155136755,245884991,170000000,231021746,2012,1-Jun-12
Baahubali 2: The Conclusion,GrtIndia,"Action,Drama",263502914,18985794,244517120,30000000,233502914,2017,28-Apr-17
Penguins of Madagascar,Fox,"Adventure,Animation,Comedy",366942531,83350911,283591620,132000000,234942531,2014,26-Nov-14
G.I. Joe: Retaliation,Par.,"Action,Adventure,Sci-Fi",375740705,122523060,253217645,140000000,235740705,2013,27-Mar-13
The SpongeBob Movie: Sponge Out of Water,Par.,"Adventure,Animation,Comedy",311013181,162994032,148019149,74000000,237013181,2015,6-Feb-15
Now You See Me 2,LG/S,"Action,Adventure,Comedy",328325007,65075540,263249467,90000000,238325007,2016,10-Jun-16
Resident Evil: Afterlife,SGem,"Action,Adventure,Horror",295874190,60128566,235745624,57500000,238374190,2010,10-Sep-10
The Smurfs 2,Sony,"Adventure,Animation,Comedy",348547523,71017784,277529739,110000000,238547523,2013,31-Jul-13
Journey 2: The Mysterious Island,WB (NL),"Action,Adventure,Comedy",318146162,103860290,214285872,79000000,239146162,2012,10-Feb-12
The Adventures of Tintin,Par.,"Action,Adventure,Animation",373993951,77591831,296402120,130000000,243993951,2011,21-Dec-11
Fantastic Four,Fox,"Action,Adventure,Drama",333132750,154696080,178436670,87500000,245632750,2015,8-Jul-05
Maze Runner: The Scorch Trials,Fox,"Action,Sci-Fi,Thriller",310566162,81697192,228868970,61000000,249566162,2015,18-Sep-15
Annabelle,WB (NL),"Horror,Mystery,Thriller",256862920,84273813,172589107,6500000,250362920,2014,3-Oct-14
Get Out,Uni.,"Horror,Mystery,Thriller",255367951,176040665,79327286,5000000,250367951,2017,24-Feb-17
Neighbors,Uni.,Comedy,270944428,150086800,120857628,18000000,252944428,2014,9-May-14
Neighbors,Uni.,"Comedy,Drama",270944428,150086800,120857628,18000000,252944428,2014,9-May-14
Neighbors,Uni.,Documentary,270944428,150086800,120857628,18000000,252944428,2014,9-May-14
Neighbors,Uni.,"Documentary,Drama",270944428,150086800,120857628,18000000,252944428,2014,9-May-14
Neighbors,Uni.,Drama,270944428,150086800,120857628,18000000,252944428,2014,9-May-14
Bridesmaids,Uni.,"Comedy,Romance",289632023,169211718,120420305,32500000,257132023,2011,13-May-11
Pitch Perfect 2,Uni.,"Comedy,Music",287625468,184296230,103329238,29000000,258625468,2015,15-May-15
The Chronicles of Narnia: The Voyage of the Dawn Treader,Fox,"Adventure,Family,Fantasy",418186950,104386950,313800000,155000000,263186950,2010,10-Dec-10
Warcraft,Uni.,"Action,Adventure,Fantasy",425522281,47225655,378296626,160000000,265522281,2016,10-Jun-16
Now You See Me,LG/S,"Crime,Mystery,Thriller",342769200,117723989,225045211,75000000,267769200,2013,31-May-13
Now You See Me,LG/S,"Drama,Horror,Thriller",342769200,117723989,225045211,75000000,267769200,2013,31-May-13
Alvin and the Chipmunks: Chipwrecked,Fox,"Adventure,Animation,Comedy",349088523,133107389,215981134,80000000,269088523,2011,16-Dec-11
Split,Uni.,"Action,Drama,Sport",278964806,138141585,140823221,5000000,273964806,2017,20-Jan-17
Split,Uni.,"Comedy,Romance,Sport",278964806,138141585,140823221,5000000,273964806,2017,20-Jan-17
Split,Uni.,Crime,278964806,138141585,140823221,5000000,273964806,2017,20-Jan-17
Split,Uni.,Drama,278964806,138141585,140823221,5000000,273964806,2017,20-Jan-17
Split,Uni.,"Drama,Fantasy",278964806,138141585,140823221,5000000,273964806,2017,20-Jan-17
Split,Uni.,"Horror,Thriller",278964806,138141585,140823221,5000000,273964806,2017,20-Jan-17
Resident Evil: The Final Chapter,SGem,"Action,Horror,Sci-Fi",314101190,26844692,287256498,40000000,274101190,2017,27-Jan-17
Star Trek Into Darkness,Par.,"Action,Adventure,Sci-Fi",467381584,228778661,238602923,190000000,277381584,2013,16-May-13
Prometheus,Fox,"Adventure,Mystery,Sci-Fi",402448265,126477084,275971181,125000000,277448265,2012,8-Jun-12
The Angry Birds Movie,Sony,"Action,Animation,Comedy",352327887,107509366,244818521,73000000,279327887,2016,20-May-16
Taken 3,Fox,"Action,Thriller",327656424,89256424,238400000,48000000,279656424,2015,9-Jan-15
22 Jump Street,Sony,"Action,Comedy,Crime",331333876,191719337,139614539,50000000,281333876,2014,13-Jun-14
Wonder,LGF,"Drama,Family",304604712,132422809,172181903,20000000,284604712,2017,17-Nov-17
Dangal,UTV,Action,294654618,12391761,282262857,9500000,285154618,2016,21-Dec-16
Dangal,UTV,"Action,Biography,Drama",294654618,12391761,282262857,9500000,285154618,2016,21-Dec-16
The Wolf of Wall Street,Par.,"Biography,Crime,Drama",389870414,116900694,272969720,100000000,289870414,2013,25-Dec-13
Annabelle: Creation,WB (NL),"Horror,Mystery,Thriller",305384865,102092201,203292664,15000000,290384865,2017,11-Aug-17
Hotel Transylvania,Sony,"Animation,Comedy,Family",378505812,148313048,230192764,85000000,293505812,2012,28-Sep-12
Jason Bourne,Uni.,"Action,Thriller",416168316,162192920,253975396,120000000,296168316,2016,29-Jul-16
Peter Rabbit,Sony,"Adventure,Animation,Comedy",347136477,115234093,231902384,50000000,297136477,2018,9-Feb-18
Ice Age: Collision Course,Fox,"Adventure,Animation,Comedy",402156682,64063008,338093674,105000000,297156682,2016,22-Jul-16
The Conjuring,WB (NL),"Horror,Mystery,Thriller",318000141,137400141,180600000,20000000,298000141,2013,19-Jul-13
Green Book,Uni.,"Biography,Comedy,Drama",322034439,85080171,236954268,23000000,299034439,2018,16-Nov-18
Thor,Par.,"Action,Adventure,Fantasy",449326618,181030624,268295994,150000000,299326618,2011,6-May-11
The Wolverine,Fox,"Action,Adventure,Sci-Fi",416456852,132556852,283900000,115000000,301456852,2013,26-Jul-13
The Greatest Showman,Fox,"Biography,Drama,Musical",386665550,174340174,212325376,84000000,302665550,2017,20-Dec-17
Kingsman: The Golden Circle,Fox,"Action,Adventure,Comedy",408803696,100234838,308568858,104000000,304803696,2017,22-Sep-17
Gone Girl,Fox,"Drama,Mystery,Thriller",368567189,167767189,200800000,61000000,307567189,2014,3-Oct-14
Kingsman: The Secret Service,Fox,"Action,Adventure,Comedy",404561724,128261724,276300000,94000000,310561724,2015,13-Feb-15
The Karate Kid,Sony,"Action,Drama,Family",351774938,176591618,175183320,40000000,311774938,2010,11-Jun-10
The Maze Runner,Fox,"Action,Mystery,Sci-Fi",348319861,102427862,245891999,34000000,314319861,2014,19-Sep-14
Fifty Shades Freed,Uni.,"Drama,Romance,Thriller",371350619,100407760,270942859,55000000,316350619,2018,9-Feb-18
A Quiet Place,Par.,Documentary,334522294,188024361,146497933,17000000,317522294,2018,6-Apr-18
A Quiet Place,Par.,"Drama,Horror,Sci-Fi",334522294,188024361,146497933,17000000,317522294,2018,6-Apr-18
Black Swan,FoxS,"Drama,Thriller",331266710,106954678,224312032,13000000,318266710,2010,3-Dec-10
Fifty Shades Darker,Uni.,"Drama,Romance",381398492,114434010,266964482,55000000,326398492,2017,10-Feb-17
Tangled,BV,"Adventure,Animation,Comedy",586477240,200821936,385655304,260000000,326477240,2010,24-Nov-10
How to Train Your Dragon,P/DW,"Action,Adventure,Animation",494870992,217581232,277289760,165000000,329870992,2010,26-Mar-10
Wreck-It Ralph,BV,"Adventure,Animation,Comedy",496511521,189412677,307098844,165000000,331511521,2012,2-Nov-12
Taken 2,Fox,"Action,Thriller",377807404,139854287,237953117,45000000,332807404,2012,5-Oct-12
War for the Planet of the Apes,Fox,"Action,Adventure,Drama",489592267,146880162,342712105,152000000,337592267,2017,14-Jul-17
World War Z,Par.,"Action,Adventure,Horror",531514650,202359711,329154939,190000000,341514650,2013,21-Jun-13
San Andreas,WB (NL),"Action,Adventure,Drama",456258539,155190832,301067707,110000000,346258539,2015,29-May-15
Dunkirk,WB,"Action,Drama,History",499837368,190068280,309769088,150000000,349837368,2017,21-Jul-17
Django Unchained,Wein.,"Drama,Western",449948323,162805434,287142889,100000000,349948323,2012,25-Dec-12
The Meg,WB,"Action,Horror,Sci-Fi",529530715,145443742,384086973,178000000,351530715,2018,10-Aug-18
Justice League,WB,"Action,Adventure,Fantasy",655945209,229024295,426920914,300000000,355945209,2017,17-Nov-17
Cars 2,BV,"Adventure,Animation,Comedy",560155383,191450875,368704508,200000000,360155383,2011,24-Jun-11
Rio 2,Fox,"Adventure,Animation,Comedy",492846291,131538435,361307856,130000000,362846291,2014,11-Apr-14
Bumblebee,Par.,"Action,Adventure,Sci-Fi",465195589,127195589,338000000,102000000,363195589,2018,21-Dec-18
X-Men: Apocalypse,Fox,"Action,Adventure,Sci-Fi",542537546,155442489,387095057,178000000,364537546,2016,27-May-16
Brave,BV,"Adventure,Animation,Comedy",554606532,237282182,317324350,185000000,369606532,2012,22-Jun-12
Brave,BV,Drama,554606532,237282182,317324350,185000000,369606532,2012,22-Jun-12
Kong: Skull Island,WB,"Action,Adventure,Fantasy",561072059,168052812,393019247,185000000,376072059,2017,10-Mar-17
Kung Fu Panda 3,Fox,"Action,Adventure,Animation",517599142,143528619,374070523,140000000,377599142,2016,29-Jan-16
Rise of the Planet of the Apes,Fox,"Action,Drama,Sci-Fi",470986200,176760185,294226015,93000000,377986200,2011,5-Aug-11
The Boss Baby,Fox,"Adventure,Animation,Comedy",510878762,175003033,335875729,125000000,385878762,2017,31-Mar-17
Transformers: The Last Knight,Par.,"Action,Adventure,Sci-Fi",602893340,130168683,472724657,217000000,385893340,2017,21-Jun-17
Ant-Man,BV,"Action,Adventure,Comedy",518858449,180202163,338656286,130000000,388858449,2015,17-Jul-15
Hotel Transylvania 2,Sony,"Animation,Comedy,Family",469500298,169700110,299800188,80000000,389500298,2015,25-Sep-15
Rio,Fox,"Adventure,Animation,Comedy",487519809,143619809,343900000,90000000,397519809,2011,15-Apr-11
Rio,Fox,Documentary,487519809,143619809,343900000,90000000,397519809,2011,15-Apr-11
Rio,Fox,Drama,487519809,143619809,343900000,90000000,397519809,2011,15-Apr-11
The Revenant,Fox,"Action,Adventure,Biography",532938302,183637894,349300408,135000000,397938302,2015,25-Dec-15
The Revenant,Fox,Horror,532938302,183637894,349300408,135000000,397938302,2015,25-Dec-15
La La Land,LG/S,"Comedy,Drama,Music",426351163,151101803,275249360,20000000,406351163,2016,9-Dec-16
Sherlock Holmes: A Game of Shadows,WB,"Action,Adventure,Crime",535663443,186848418,348815025,125000000,410663443,2011,16-Dec-11
Lucy,Uni.,"Action,Sci-Fi,Thriller",457507776,126573960,330933816,40000000,417507776,2014,25-Jul-14
Lucy,Uni.,"Animation,Documentary",457507776,126573960,330933816,40000000,417507776,2014,25-Jul-14
Lucy,Uni.,Documentary,457507776,126573960,330933816,40000000,417507776,2014,25-Jul-14
Puss in Boots,P/DW,"Action,Adventure,Animation",554987477,149260504,405726973,130000000,424987477,2011,28-Oct-11
Ready Player One,WB,"Action,Adventure,Sci-Fi",579290136,137690172,441599964,150000000,429290136,2018,29-Mar-18
The Croods,Fox,"Action,Adventure,Animation",573068425,187168425,385900000,135000000,438068425,2013,22-Mar-13
Man of Steel,WB,"Action,Adventure,Sci-Fi",667999518,291045518,376954000,225000000,442999518,2013,14-Jun-13
Iron Man 2,Par.,"Action,Adventure,Sci-Fi",621156389,312433331,308723058,170000000,451156389,2010,7-May-10
Fantastic Beasts: The Crimes of Grindelwald,WB,"Adventure,Family,Fantasy",652220086,159555901,492664185,200000000,452220086,2018,16-Nov-18
The Smurfs,Sony,"Adventure,Animation,Comedy",563749323,142614158,421135165,110000000,453749323,2011,29-Jul-11
Hotel Transylvania 3: Summer Vacation,Sony,"Adventure,Animation,Comedy",527079962,167500092,359579870,65000000,462079962,2018,13-Jul-18
How to Train Your Dragon 2,Fox,"Action,Adventure,Animation",614586270,177002924,437583346,145000000,469586270,2014,13-Jun-14
Despicable Me,Uni.,"Animation,Comedy,Family",543464573,251513985,291950588,69000000,474464573,2010,9-Jul-10
Big Hero 6,BV,"Action,Adventure,Animation",652127828,222527828,429600000,165000000,487127828,2014,7-Nov-14
Moana,BV,"Adventure,Animation,Comedy",637517365,248757044,388760321,150000000,487517365,2016,23-Nov-16
The Hunger Games: Mockingjay - Part 2,LGF,"Action,Adventure,Sci-Fi",648986787,281723902,367262885,160000000,488986787,2015,20-Nov-15
American Sniper,WB,"Action,Biography,Drama",547326372,350126372,197200000,58000000,489326372,2014,25-Dec-14
Ant-Man and the Wasp,BV,"Action,Adventure,Comedy",623144660,216648740,406495920,130000000,493144660,2018,6-Jul-18
Thor: The Dark World,BV,"Action,Adventure,Fantasy",644602516,206362140,438240376,150000000,494602516,2013,8-Nov-13
Life of Pi,Fox,"Adventure,Drama,Fantasy",620912003,124987022,495924981,120000000,500912003,2012,21-Nov-12
Interstellar,Par.,"Adventure,Drama,Sci-Fi",666379375,188017894,478361481,165000000,501379375,2014,5-Nov-14
Fast Five,Uni.,"Action,Crime,Thriller",630163454,210031325,420132129,125000000,505163454,2011,29-Apr-11
Ted,Uni.,"Comedy,Fantasy",556016627,218665740,337350887,50000000,506016627,2012,29-Jun-12
The Hangover Part II,WB,"Comedy,Mystery",586464305,254464305,332000000,80000000,506464305,2011,26-May-11
The Amazing Spider-Man 2,Sony,"Action,Adventure,Sci-Fi",708996336,202853933,506142403,200000000,508996336,2014,2-May-14
Doctor Strange,BV,"Action,Adventure,Fantasy",676404566,232641920,443762646,165000000,511404566,2016,4-Nov-16
Kung Fu Panda 2,P/DW,"Action,Adventure,Animation",664837547,165249063,499588484,150000000,514837547,2011,26-May-11
Fifty Shades of Grey,Uni.,"Drama,Romance,Thriller",570998101,166167230,404830871,40000000,530998101,2015,13-Feb-15
The Amazing Spider-Man,Sony,"Action,Adventure,Sci-Fi",757890267,262030663,495859604,220000000,537890267,2012,3-Jul-12
Dawn of the Planet of the Apes,Fox,"Action,Adventure,Drama",710644566,208545589,502098977,170000000,540644566,2014,11-Jul-14
Monsters University,BV,"Adventure,Animation,Comedy",743588329,268488329,475100000,200000000,543588329,2013,21-Jun-13
Captain America: The Winter Soldier,BV,"Action,Adventure,Sci-Fi",714401889,259746958,454654931,170000000,544401889,2014,4-Apr-14
The Martian,Fox,"Adventure,Drama,Sci-Fi",655271443,228433663,426837780,108000000,547271443,2015,2-Oct-15
X-Men: Days of Future Past,Fox,"Action,Adventure,Sci-Fi",747862775,233921534,513941241,200000000,547862775,2014,23-May-14
Pirates of the Caribbean: Dead Men Tell No Tales,BV,"Action,Adventure,Fantasy",788241137,172558876,615682261,230000000,558241137,2017,26-May-17
Sing,Uni.,"Animation,Comedy,Family",634454789,270329045,364125744,75000000,559454789,2016,21-Dec-16
Suicide Squad,WB,"Action,Adventure,Fantasy",746059887,325100054,420959833,175000000,571059887,2016,5-Aug-16
Maleficent,BV,"Action,Adventure,Family",758536735,241407328,517129407,180000000,578536735,2014,30-May-14
Spectre,Sony,"Action,Adventure,Thriller",879620923,200074175,679546748,300000000,579620923,2015,6-Nov-15
Gravity,WB,"Drama,Sci-Fi,Thriller",693698673,274092705,419605968,110000000,583698673,2013,4-Oct-13
Shrek Forever After,P/DW,"Adventure,Animation,Comedy",756244673,238736787,517507886,165000000,591244673,2010,21-May-10
The Hunger Games,LGF,"Action,Adventure,Sci-Fi",677923379,408010692,269912687,80000000,597923379,2012,23-Mar-12
Guardians of the Galaxy,BV,"Action,Adventure,Comedy",770867516,333172112,437695404,170000000,600867516,2014,1-Aug-14
Madagascar 3: Europe's Most Wanted,P/DW,"Adventure,Animation,Comedy",746921271,216391482,530529789,145000000,601921271,2012,8-Jun-12
Batman v Superman: Dawn of Justice,WB,"Action,Adventure,Fantasy",867500281,330360194,537140087,250000000,617500281,2016,25-Mar-16
Coco,BV,,798008101,209726015,588282086,175000000,623008101,2017,22-Nov-17
Coco,BV,"Adventure,Animation,Comedy",798008101,209726015,588282086,175000000,623008101,2017,22-Nov-17
Coco,BV,Horror,798008101,209726015,588282086,175000000,623008101,2017,22-Nov-17
Pirates of the Caribbean: On Stranger Tides,BV,"Action,Adventure,Fantasy",1045663875,241063875,804600000,410600000,635063875,2011,20-May-11
The Twilight Saga: Eclipse,Sum.,"Adventure,Drama,Fantasy",706102828,300531751,405571077,68000000,638102828,2010,30-Jun-10
The Hunger Games: Mockingjay - Part 1,LGF,"Action,Adventure,Sci-Fi",766575131,337135885,429439246,125000000,641575131,2014,21-Nov-14
It,WB (NL),"Horror,Thriller",697457969,327481748,369976221,35000000,662457969,2017,8-Sep-17
Thor: Ragnarok,BV,"Action,Adventure,Comedy",846980024,315058289,531921735,180000000,666980024,2017,3-Nov-17
Wonder Woman,WB,"Action,Adventure,Fantasy",821133378,412563408,408569970,150000000,671133378,2017,2-Jun-17
Wonder Woman,WB,"Documentary,Drama,Sport",821133378,412563408,408569970,150000000,671133378,2017,2-Jun-17
Wonder Woman,WB,Sci-Fi,821133378,412563408,408569970,150000000,671133378,2017,2-Jun-17
Inception,WB,"Action,Adventure,Sci-Fi",835524642,292576195,542948447,160000000,675524642,2010,16-Jul-10
Deadpool 2,Fox,"Action,Adventure,Comedy",786680557,324591735,462088822,110000000,676680557,2018,18-May-18
Inside Out,BV,,854235992,356461711,497774281,175000000,679235992,2015,19-Jun-15
Inside Out,BV,"Adventure,Animation,Comedy",854235992,356461711,497774281,175000000,679235992,2015,19-Jun-15
Inside Out,BV,"Biography,Documentary,History",854235992,356461711,497774281,175000000,679235992,2015,19-Jun-15
Inside Out,BV,"Crime,Drama",854235992,356461711,497774281,175000000,679235992,2015,19-Jun-15
Inside Out,BV,Documentary,854235992,356461711,497774281,175000000,679235992,2015,19-Jun-15
Inside Out,BV,Drama,854235992,356461711,497774281,175000000,679235992,2015,19-Jun-15
Inside Out,BV,Family,854235992,356461711,497774281,175000000,679235992,2015,19-Jun-15
The Hobbit: The Battle of the Five Armies,WB (NL),"Adventure,Fantasy",945577621,255119788,690457833,250000000,695577621,2014,17-Dec-14
Spider-Man: Homecoming,Sony,"Action,Adventure,Sci-Fi",880166350,334201140,545965210,175000000,705166350,2017,7-Jul-17
The Hobbit: The Desolation of Smaug,WB (NL),"Adventure,Fantasy",960366855,258366855,702000000,250000000,710366855,2013,13-Dec-13
The Hunger Games: Catching Fire,LGF,"Action,Adventure,Sci-Fi",864868047,424668047,440200000,130000000,734868047,2013,22-Nov-13
Deadpool,Fox,"Action,Adventure,Comedy",801025593,363070709,437954884,58000000,743025593,2016,12-Feb-16
The Hobbit: An Unexpected Journey,WB (NL),"Adventure,Family,Fantasy",1017003568,303003568,714000000,250000000,767003568,2012,14-Dec-12
Ice Age: Continental Drift,Fox,"Adventure,Animation,Comedy",879765137,161321843,718443294,95000000,784765137,2012,13-Jul-12
The Dark Knight Rises,WB,"Action,Thriller",1084439099,448139099,636300000,275000000,809439099,2012,20-Jul-12
The Secret Life of Pets,Uni.,"Adventure,Animation,Comedy",886750534,368384330,518366204,75000000,811750534,2016,8-Jul-16
Finding Dory,BV,"Adventure,Animation,Comedy",1021215193,486295561,534919632,200000000,821215193,2016,17-Jun-16
Bohemian Rhapsody,Fox,"Biography,Drama,Music",894985342,216303339,678682003,55000000,839985342,2018,2-Nov-18
Rogue One: A Star Wars Story,BV,"Action,Adventure,Sci-Fi",1049102856,532177324,516925532,200000000,849102856,2016,16-Dec-16
Toy Story 3,BV,"Adventure,Animation,Comedy",1068879522,415004880,653874642,200000000,868879522,2010,18-Jun-10
Zootopia,BV,"Adventure,Animation,Comedy",1019429616,341268248,678161368,150000000,869429616,2016,4-Mar-16
Jumanji: Welcome to the Jungle,Sony,"Action,Adventure,Comedy",964496193,404508916,559987277,90000000,874496193,2017,20-Dec-17
Captain America: Civil War,BV,"Action,Adventure,Sci-Fi",1140069413,408084349,731985064,250000000,890069413,2016,6-May-16
Transformers: Age of Extinction,Par.,"Action,Adventure,Sci-Fi",1104039076,245439076,858600000,210000000,894039076,2014,27-Jun-14
Despicable Me 2,Uni.,"Adventure,Animation,Comedy",975216835,368065385,607151450,76000000,899216835,2013,3-Jul-13
Skyfall,Sony,"Action,Adventure,Thriller",1110526981,304360277,806166704,200000000,910526981,2012,8-Nov-12
Transformers: Dark of the Moon,P/DW,"Action,Adventure,Sci-Fi",1123790543,352390543,771400000,195000000,928790543,2011,29-Jun-11
Despicable Me 3,Uni.,"Adventure,Animation,Comedy",1034727750,264624300,770103450,75000000,959727750,2017,30-Jun-17
The Fate of the Furious,Uni.,"Action,Crime,Thriller",1234846267,225764765,1009081502,250000000,984846267,2017,14-Apr-17
Aquaman,WB,"Action,Adventure,Fantasy",1146894640,335061807,811832833,160000000,986894640,2018,21-Dec-18
Iron Man 3,BV,"Action,Adventure,Sci-Fi",1215392272,408992272,806400000,200000000,1015392272,2013,3-May-13
Incredibles 2,BV,"Action,Adventure,Animation",1242520711,608581744,633938967,200000000,1042520711,2018,15-Jun-18
Avengers: Age of Ultron,BV,"Action,Adventure,Sci-Fi",1403013963,459005868,944008095,330600000,1072413963,2015,1-May-15
Minions,Uni.,"Adventure,Animation,Comedy",1160336173,336045770,824290403,74000000,1086336173,2015,10-Jul-15
Frozen,BV,"Adventure,Animation,Comedy",1272469910,400738009,871731901,150000000,1122469910,2013,22-Nov-13
Frozen,BV,"Adventure,Drama,Sport",1272469910,400738009,871731901,150000000,1122469910,2013,22-Nov-13
Frozen,BV,"Fantasy,Romance",1272469910,400738009,871731901,150000000,1122469910,2013,22-Nov-13
Jurassic World: Fallen Kingdom,Uni.,"Action,Adventure,Sci-Fi",1305772799,417719760,888053039,170000000,1135772799,2018,22-Jun-18
Black Panther,BV,"Action,Adventure,Sci-Fi",1348258224,700059566,648198658,200000000,1148258224,2018,16-Feb-18
Furious 7,Uni.,"Action,Crime,Thriller",1518722794,353007020,1165715774,190000000,1328722794,2015,3-Apr-15
Jurassic World,Uni.,"Action,Adventure,Sci-Fi",1648854864,652270625,996584239,215000000,1433854864,2015,12-Jun-15
Avengers: Infinity War,BV,"Action,Adventure,Sci-Fi",2048134200,678815482,1369318718,300000000,1748134200,2018,27-Apr-18
